20150219	0
20150220	1
20150221	2
20150222	3
20150223	4
20150224	5
20150225	6
20150226	7
20150227	8
20150228	9
20150301	10
20150302	11
20150303	12
20150304	13
20150305	14
20150306	15
20150307	16
20150308	17
20150309	18
20150310	19
20150311	20
20150312	21
20150313	22
20150314	23
20150315	24
20150316	25
20150317	26
20150318	27
20150319	28
20150320	29
20150321	30
20150322	31
20150323	32
20150324	33
20150325	34
20150326	35
20150327	36
20150328	37
20150329	38
20150330	39
20150331	40
20150401	41
20150402	42
20150403	43
20150404	44
20150405	45
20150406	46
20150407	47
20150408	48
20150409	49
20150410	50
20150411	51
20150412	52
20150413	53
20150414	54
20150415	55
20150416	56
20150417	57
20150418	58
20150419	59
20150420	60
20150421	61
20150422	62
20150423	63
20150424	64
20150425	65
20150426	66
20150427	67
20150428	68
20150429	69
20150430	70
20150501	71
20150502	72
20150503	73
20150504	74
20150505	75
20150506	76
20150507	77
20150508	78
20150509	79
20150510	80
20150511	81
20150512	82
20150513	83
20150514	84
20150515	85
20150516	86
20150517	87
20150518	88
20150519	89
20150520	90
20150521	91
20150522	92
20150523	93
20150524	94
20150525	95
20150526	96
20150527	97
20150528	98
20150529	99
20150530	100
20150531	101
20150601	102
20150602	103
20150603	104
20150604	105
20150605	106
20150606	107
20150607	108
20150608	109
20150609	110
20150610	111
20150611	112
20150612	113
20150613	114
20150614	115
20150615	116
20150616	117
20150617	118
20150618	119
20150619	120
20150620	121
20150621	122
20150622	123
20150623	124
20150624	125
20150625	126
20150626	127
20150627	128
20150628	129
20150629	130
20150630	131
20150701	132
20150702	133
20150703	134
20150704	135
20150705	136
20150706	137
20150707	138
20150708	139
20150709	140
20150710	141
20150711	142
20150712	143
20150713	144
20150714	145
20150715	146
20150716	147
20150717	148
20150718	149
20150719	150
20150720	151
20150721	152
20150722	153
20150723	154
20150724	155
20150725	156
20150726	157
20150727	158
20150728	159
20150729	160
20150730	161
20150731	162
20150801	163
20150802	164
20150803	165
20150804	166
20150805	167
20150806	168
20150807	169
20150808	170
20150809	171
20150810	172
20150811	173
20150812	174
20150813	175
20150814	176
20150815	177
20150816	178
20150817	179
20150818	180
20150819	181
20150820	182
20150821	183
20150822	184
20150823	185
20150824	186
20150825	187
20150826	188
20150827	189
20150828	190
20150829	191
20150830	192
20150831	193
20150901	194
20150902	195
20150903	196
20150904	197
20150905	198
20150906	199
20150907	200
20150908	201
20150909	202
20150910	203
20150911	204
20150912	205
20150913	206
20150914	207
20150915	208
20150916	209
20150917	210
20150918	211
20150919	212
20150920	213
20150921	214
20150922	215
20150923	216
20150924	217
20150925	218
20150926	219
20150927	220
20150928	221
20150929	222
20150930	223
20151001	224
20151002	225
20151003	226
20151004	227
20151005	228
20151006	229
20151007	230
20151008	231
20151009	232
20151010	233
20151011	234
20151012	235
20151013	236
20151014	237
20151015	238
20151016	239
20151017	240
20151018	241
20151019	242
20151020	243
20151021	244
20151022	245
20151023	246
20151024	247
20151025	248
20151026	249
20151027	250
20151028	251
20151029	252
20151030	253
20151031	254
20151101	255
20151102	256
20151103	257
20151104	258
20151105	259
20151106	260
20151107	261
20151108	262
20151109	263
20151110	264
20151111	265
20151112	266
20151113	267
20151114	268
20151115	269
20151116	270
20151117	271
20151118	272
20151119	273
20151120	274
20151121	275
20151122	276
20151123	277
20151124	278
20151125	279
20151126	280
20151127	281
20151128	282
20151129	283
20151130	284
20151201	285
20151202	286
20151203	287
20151204	288
20151205	289
20151206	290
20151207	291
20151208	292
20151209	293
20151210	294
20151211	295
20151212	296
20151213	297
20151214	298
20151215	299
20151216	300
20151217	301
20151218	302
20151219	303
20151220	304
20151221	305
20151222	306
20151223	307
20151224	308
20151225	309
20151226	310
20151227	311
20151228	312
20151229	313
20151230	314
20151231	315
20160101	316
20160102	317
20160103	318
20160104	319
20160105	320
20160106	321
20160107	322
20160108	323
20160109	324
20160110	325
20160111	326
20160112	327
20160113	328
20160114	329
20160115	330
20160116	331
20160117	332
20160118	333
20160119	334
20160120	335
20160121	336
20160122	337
20160123	338
20160124	339
20160125	340
20160126	341
20160127	342
20160128	343
20160129	344
20160130	345
20160131	346
20160201	347
20160202	348
20160203	349
20160204	350
20160205	351
20160206	352
20160207	353
20160208	354
20160209	355
20160210	356
20160211	357
20160212	358
20160213	359
20160214	360
20160215	361
20160216	362
20160217	363
20160218	364
20160219	365
20160220	366
20160221	367
20160222	368
20160223	369
20160224	370
20160225	371
20160226	372
20160227	373
20160228	374
20160229	375
20160301	376
20160302	377
20160303	378
20160304	379
20160305	380
20160306	381
20160307	382
20160308	383
20160309	384
20160310	385
20160311	386
20160312	387
20160313	388
20160314	389
20160315	390
20160316	391
20160317	392
20160318	393
20160319	394
20160320	395
20160321	396
20160322	397
20160323	398
20160324	399
20160325	400
20160326	401
20160327	402
20160328	403
20160329	404
20160330	405
20160331	406
20160401	407
20160402	408
20160403	409
20160404	410
20160405	411
20160406	412
20160407	413
20160408	414
20160409	415
20160410	416
20160411	417
20160412	418
20160413	419
20160414	420
20160415	421
20160416	422
20160417	423
20160418	424
20160419	425
20160420	426
20160421	427
20160422	428
20160423	429
20160424	430
20160425	431
20160426	432
20160427	433
20160428	434
20160429	435
20160430	436
20160501	437
20160502	438
20160503	439
20160504	440
20160505	441
20160506	442
20160507	443
20160508	444
20160509	445
20160510	446
20160511	447
20160512	448
20160513	449
20160514	450
20160515	451
20160516	452
20160517	453
20160518	454
20160519	455
20160520	456
20160521	457
20160522	458
20160523	459
20160524	460
20160525	461
20160526	462
20160527	463
20160528	464
20160529	465
20160530	466
20160531	467
20160601	468
20160602	469
20160603	470
20160604	471
20160605	472
20160606	473
20160607	474
20160608	475
20160609	476
20160610	477
20160611	478
20160612	479
20160613	480
20160614	481
20160615	482
20160616	483
20160617	484
20160618	485
20160619	486
20160620	487
20160621	488
20160622	489
20160623	490
20160624	491
20160625	492
20160626	493
20160627	494
20160628	495
20160629	496
20160630	497
20160701	498
20160702	499
20160703	500
20160704	501
20160705	502
20160706	503
20160707	504
20160708	505
20160709	506
20160710	507
20160711	508
20160712	509
20160713	510
20160714	511
20160715	512
20160716	513
20160717	514
20160718	515
20160719	516
20160720	517
20160721	518
20160722	519
20160723	520
20160724	521
20160725	522
20160726	523
20160727	524
20160728	525
20160729	526
20160730	527
20160731	528
20160801	529
20160802	530
20160803	531
20160804	532
20160805	533
20160806	534
20160807	535
20160808	536
20160809	537
20160810	538
20160811	539
20160812	540
20160813	541
20160814	542
20160815	543
20160816	544
20160817	545
20160818	546
20160819	547
20160820	548
20160821	549
20160822	550
20160823	551
20160824	552
20160825	553
20160826	554
20160827	555
20160828	556
20160829	557
20160830	558
20160831	559
20160901	560
20160902	561
20160903	562
20160904	563
20160905	564
20160906	565
20160907	566
20160908	567
20160909	568
20160910	569
20160911	570
20160912	571
20160913	572
20160914	573
20160915	574
20160916	575
20160917	576
20160918	577
20160919	578
20160920	579
20160921	580
20160922	581
20160923	582
20160924	583
20160925	584
20160926	585
20160927	586
20160928	587
20160929	588
20160930	589
20161001	590
20161002	591
20161003	592
20161004	593
20161005	594
20161006	595
20161007	596
20161008	597
20161009	598
20161010	599
20161011	600
20161012	601
20161013	602
20161014	603
20161015	604
20161016	605
20161017	606
20161018	607
20161019	608
20161020	609
20161021	610
20161022	611
20161023	612
20161024	613
20161025	614
20161026	615
20161027	616
20161028	617
20161029	618
20161030	619
20161031	620
20161101	621
20161102	622
20161103	623
20161104	624
20161105	625
20161106	626
20161107	627
20161108	628
20161109	629
20161110	630
20161111	631
20161112	632
20161113	633
20161114	634
20161115	635
20161116	636
20161117	637
20161118	638
20161119	639
20161120	640
20161121	641
20161122	642
20161123	643
20161124	644
20161125	645
20161126	646
20161127	647
20161128	648
20161129	649
20161130	650
20161201	651
20161202	652
20161203	653
20161204	654
20161205	655
20161206	656
20161207	657
20161208	658
20161209	659
20161210	660
20161211	661
20161212	662
20161213	663
20161214	664
20161215	665
20161216	666
20161217	667
20161218	668
20161219	669
20161220	670
20161221	671
20161222	672
20161223	673
20161224	674
20161225	675
20161226	676
20161227	677
20161228	678
20161229	679
20161230	680
20161231	681
20170101	682
20170102	683
20170103	684
20170104	685
20170105	686
20170106	687
20170107	688
20170108	689
20170109	690
20170110	691
20170111	692
20170112	693
20170113	694
20170114	695
20170115	696
20170116	697
20170117	698
20170118	699
20170119	700
20170120	701
20170121	702
20170122	703
20170123	704
20170124	705
20170125	706
20170126	707
20170127	708
20170128	709
20170129	710
20170130	711
20170131	712
20170201	713
20170202	714
20170203	715
20170204	716
20170205	717
20170206	718
20170207	719
20170208	720
20170209	721
20170210	722
20170211	723
20170212	724
20170213	725
20170214	726
20170215	727
20170216	728
20170217	729
20170218	730
20170219	731
20170220	732
20170221	733
20170222	734
20170223	735
20170224	736
20170225	737
20170226	738
20170227	739
20170228	740
20170301	741
20170302	742
20170303	743
20170304	744
20170305	745
20170306	746
20170307	747
20170308	748
20170309	749
20170310	750
20170311	751
20170312	752
20170313	753
20170314	754
20170315	755
20170316	756
20170317	757
20170318	758
20170319	759
20170320	760
20170321	761
20170322	762
20170323	763
20170324	764
20170325	765
20170326	766
20170327	767
20170328	768
20170329	769
20170330	770
20170331	771
20170401	772
20170402	773
20170403	774
20170404	775
20170405	776
20170406	777
20170407	778
20170408	779
20170409	780
20170410	781
20170411	782
20170412	783
20170413	784
20170414	785
20170415	786
20170416	787
20170417	788
20170418	789
20170419	790
20170420	791
20170421	792
20170422	793
20170423	794
20170424	795
20170425	796
20170426	797
20170427	798
20170428	799
20170429	800
20170430	801
20170501	802
20170502	803
20170503	804
20170504	805
20170505	806
20170506	807
20170507	808
20170508	809
20170509	810
20170510	811
20170511	812
20170512	813
20170513	814
20170514	815
20170515	816
20170516	817
20170517	818
20170518	819
20170519	820
20170520	821
20170521	822
20170522	823
20170523	824
20170524	825
20170525	826
20170526	827
20170527	828
20170528	829
20170529	830
20170530	831
20170531	832
20170601	833
20170602	834
20170603	835
20170604	836
20170605	837
20170606	838
20170607	839
20170608	840
20170609	841
20170610	842
20170611	843
20170612	844
20170613	845
20170614	846
20170615	847
20170616	848
20170617	849
20170618	850
20170619	851
20170620	852
20170621	853
20170622	854
20170623	855
20170624	856
20170625	857
20170626	858
20170627	859
20170628	860
20170629	861
20170630	862
20170701	863
20170702	864
20170703	865
20170704	866
20170705	867
20170706	868
20170707	869
20170708	870
20170709	871
20170710	872
20170711	873
20170712	874
20170713	875
20170714	876
20170715	877
20170716	878
20170717	879
20170718	880
20170719	881
20170720	882
20170721	883
20170722	884
20170723	885
20170724	886
20170725	887
20170726	888
20170727	889
20170728	890
20170729	891
20170730	892
20170731	893
20170801	894
20170802	895
20170803	896
20170804	897
20170805	898
20170806	899
20170807	900
20170808	901
20170809	902
20170810	903
20170811	904
20170812	905
20170813	906
20170814	907
20170815	908
20170816	909
20170817	910
20170818	911
20170819	912
20170820	913
20170821	914
20170822	915
20170823	916
20170824	917
20170825	918
20170826	919
20170827	920
20170828	921
20170829	922
20170830	923
20170831	924
20170901	925
20170902	926
20170903	927
20170904	928
20170905	929
20170906	930
20170907	931
20170908	932
20170909	933
20170910	934
20170911	935
20170912	936
20170913	937
20170914	938
20170915	939
20170916	940
20170917	941
20170918	942
20170919	943
20170920	944
20170921	945
20170922	946
20170923	947
20170924	948
20170925	949
20170926	950
20170927	951
20170928	952
20170929	953
20170930	954
20171001	955
20171002	956
20171003	957
20171004	958
20171005	959
20171006	960
20171007	961
20171008	962
20171009	963
20171010	964
20171011	965
20171012	966
20171013	967
20171014	968
20171015	969
20171016	970
20171017	971
20171018	972
20171019	973
20171020	974
20171021	975
20171022	976
20171023	977
20171024	978
20171025	979
20171026	980
20171027	981
20171028	982
20171029	983
20171030	984
20171031	985
20171101	986
20171102	987
20171103	988
20171104	989
20171105	990
20171106	991
20171107	992
20171108	993
20171109	994
20171110	995
20171111	996
20171112	997
20171113	998
20171114	999
20171115	1000
20171116	1001
20171117	1002
20171118	1003
20171119	1004
20171120	1005
20171121	1006
20171122	1007
20171123	1008
20171124	1009
20171125	1010
20171126	1011
20171127	1012
20171128	1013
20171129	1014
20171130	1015
20171201	1016
20171202	1017
20171203	1018
20171204	1019
20171205	1020
20171206	1021
20171207	1022
20171208	1023
20171209	1024
20171210	1025
20171211	1026
20171212	1027
20171213	1028
20171214	1029
20171215	1030
20171216	1031
20171217	1032
20171218	1033
20171219	1034
20171220	1035
20171221	1036
20171222	1037
20171223	1038
20171224	1039
20171225	1040
20171226	1041
20171227	1042
20171228	1043
20171229	1044
20171230	1045
20171231	1046
20180101	1047
20180102	1048
20180103	1049
20180104	1050
20180105	1051
20180106	1052
20180107	1053
20180108	1054
20180109	1055
20180110	1056
20180111	1057
20180112	1058
20180113	1059
20180114	1060
20180115	1061
20180116	1062
20180117	1063
20180118	1064
20180119	1065
20180120	1066
20180121	1067
20180122	1068
20180123	1069
20180124	1070
20180125	1071
20180126	1072
20180127	1073
20180128	1074
20180129	1075
20180130	1076
20180131	1077
20180201	1078
20180202	1079
20180203	1080
20180204	1081
20180205	1082
20180206	1083
20180207	1084
20180208	1085
20180209	1086
20180210	1087
20180211	1088
20180212	1089
20180213	1090
20180214	1091
20180215	1092
20180216	1093
20180217	1094
20180218	1095
20180219	1096
20180220	1097
20180221	1098
20180222	1099
20180223	1100
20180224	1101
20180225	1102
20180226	1103
20180227	1104
20180228	1105
20180301	1106
20180302	1107
20180303	1108
20180304	1109
20180305	1110
20180306	1111
20180307	1112
20180308	1113
20180309	1114
20180310	1115
20180311	1116
20180312	1117
20180313	1118
20180314	1119
20180315	1120
20180316	1121
20180317	1122
20180318	1123
20180319	1124
20180320	1125
20180321	1126
20180322	1127
20180323	1128
20180324	1129
20180325	1130
20180326	1131
20180327	1132
20180328	1133
20180329	1134
20180330	1135
20180331	1136
20180401	1137
20180402	1138
20180403	1139
20180404	1140
20180405	1141
20180406	1142
20180407	1143
20180408	1144
20180409	1145
20180410	1146
20180411	1147
20180412	1148
20180413	1149
20180414	1150
20180415	1151
20180416	1152
20180417	1153
20180418	1154
20180419	1155
20180420	1156
20180421	1157
20180422	1158
20180423	1159
20180424	1160
20180425	1161
20180426	1162
20180427	1163
20180428	1164
20180429	1165
20180430	1166
20180501	1167
20180502	1168
20180503	1169
20180504	1170
20180505	1171
20180506	1172
20180507	1173
20180508	1174
20180509	1175
20180510	1176
20180511	1177
20180512	1178
20180513	1179
20180514	1180
20180515	1181
20180516	1182
20180517	1183
20180518	1184
20180519	1185
20180520	1186
20180521	1187
20180522	1188
20180523	1189
20180524	1190
20180525	1191
20180526	1192
20180527	1193
20180528	1194
20180529	1195
20180530	1196
20180531	1197
20180601	1198
20180602	1199
20180603	1200
20180604	1201
20180605	1202
20180606	1203
20180607	1204
20180608	1205
20180609	1206
20180610	1207
20180611	1208
20180612	1209
20180613	1210
20180614	1211
20180615	1212
20180616	1213
20180617	1214
20180618	1215
20180619	1216
20180620	1217
20180621	1218
20180622	1219
20180623	1220
20180624	1221
20180625	1222
20180626	1223
20180627	1224
20180628	1225
20180629	1226
20180630	1227
20180701	1228
20180702	1229
20180703	1230
20180704	1231
20180705	1232
20180706	1233
20180707	1234
20180708	1235
20180709	1236
20180710	1237
20180711	1238
20180712	1239
20180713	1240
20180714	1241
20180715	1242
20180716	1243
20180717	1244
20180718	1245
20180719	1246
20180720	1247
20180721	1248
20180722	1249
20180723	1250
20180724	1251
20180725	1252
20180726	1253
20180727	1254
20180728	1255
20180729	1256
20180730	1257
20180731	1258
20180801	1259
20180802	1260
20180803	1261
20180804	1262
20180805	1263
20180806	1264
20180807	1265
20180808	1266
20180809	1267
20180810	1268
20180811	1269
20180812	1270
20180813	1271
20180814	1272
20180815	1273
20180816	1274
20180817	1275
20180818	1276
20180819	1277
20180820	1278
20180821	1279
20180822	1280
20180823	1281
20180824	1282
20180825	1283
20180826	1284
20180827	1285
20180828	1286
20180829	1287
20180830	1288
20180831	1289
20180901	1290
20180902	1291
20180903	1292
20180904	1293
20180905	1294
20180906	1295
20180907	1296
20180908	1297
20180909	1298
20180910	1299
20180911	1300
20180912	1301
20180913	1302
20180914	1303
20180915	1304
20180916	1305
20180917	1306
20180918	1307
20180919	1308
20180920	1309
20180921	1310
20180922	1311
20180923	1312
20180924	1313
20180925	1314
20180926	1315
20180927	1316
20180928	1317
20180929	1318
20180930	1319
20181001	1320
20181002	1321
20181003	1322
20181004	1323
20181005	1324
20181006	1325
20181007	1326
20181008	1327
20181009	1328
20181010	1329
20181011	1330
20181012	1331
20181013	1332
20181014	1333
20181015	1334
20181016	1335
20181017	1336
20181018	1337
20181019	1338
20181020	1339
20181021	1340
20181022	1341
20181023	1342
20181024	1343
20181025	1344
20181026	1345
20181027	1346
20181028	1347
20181029	1348
20181030	1349
20181031	1350
20181101	1351
20181102	1352
20181103	1353
20181104	1354
20181105	1355
20181106	1356
20181107	1357
20181108	1358
20181109	1359
20181110	1360
20181111	1361
20181112	1362
20181113	1363
20181114	1364
20181115	1365
20181116	1366
20181117	1367
20181118	1368
20181119	1369
20181120	1370
20181121	1371
20181122	1372
20181123	1373
20181124	1374
20181125	1375
20181126	1376
20181127	1377
20181128	1378
20181129	1379
20181130	1380
20181201	1381
20181202	1382
20181203	1383
20181204	1384
20181205	1385
20181206	1386
20181207	1387
20181208	1388
20181209	1389
20181210	1390
20181211	1391
20181212	1392
20181213	1393
20181214	1394
20181215	1395
20181216	1396
20181217	1397
20181218	1398
20181219	1399
20181220	1400
20181221	1401
20181222	1402
20181223	1403
20181224	1404
20181225	1405
20181226	1406
20181227	1407
20181228	1408
20181229	1409
20181230	1410
20181231	1411
20190101	1412
20190102	1413
20190103	1414
20190104	1415
20190105	1416
20190106	1417
20190107	1418
20190108	1419
20190109	1420
20190110	1421
20190111	1422
20190112	1423
20190113	1424
20190114	1425
20190115	1426
20190116	1427
20190117	1428
20190118	1429
20190119	1430
20190120	1431
20190121	1432
20190122	1433
20190123	1434
20190124	1435
20190125	1436
20190126	1437
20190127	1438
20190128	1439
20190129	1440
20190130	1441
20190131	1442
20190201	1443
20190202	1444
20190203	1445
20190204	1446
20190205	1447
20190206	1448
20190207	1449
20190208	1450
20190209	1451
20190210	1452
20190211	1453
20190212	1454
20190213	1455
20190214	1456
20190215	1457
20190216	1458
20190217	1459
20190218	1460
20190219	1461
20190220	1462
20190221	1463
20190222	1464
20190223	1465
20190224	1466
20190225	1467
20190226	1468
20190227	1469
20190228	1470
20190301	1471
20190302	1472
20190303	1473
20190304	1474
20190305	1475
20190306	1476
20190307	1477
20190308	1478
20190309	1479
20190310	1480
20190311	1481
20190312	1482
20190313	1483
20190314	1484
20190315	1485
20190316	1486
20190317	1487
20190318	1488
20190319	1489
20190320	1490
20190321	1491
20190322	1492
20190323	1493
20190324	1494
20190325	1495
20190326	1496
20190327	1497
20190328	1498
20190329	1499
20190330	1500
20190331	1501
20190401	1502
20190402	1503
20190403	1504
20190404	1505
20190405	1506
20190406	1507
20190407	1508
20190408	1509
20190409	1510
20190410	1511
20190411	1512
20190412	1513
20190413	1514
20190414	1515
20190415	1516
20190416	1517
20190417	1518
20190418	1519
20190419	1520
20190420	1521
20190421	1522
20190422	1523
20190423	1524
20190424	1525
20190425	1526
20190426	1527
20190427	1528
20190428	1529
20190429	1530
20190430	1531
20190501	1532
20190502	1533
20190503	1534
20190504	1535
20190505	1536
20190506	1537
20190507	1538
20190508	1539
20190509	1540
20190510	1541
20190511	1542
20190512	1543
20190513	1544
20190514	1545
20190515	1546
20190516	1547
20190517	1548
20190518	1549
20190519	1550
20190520	1551
20190521	1552
20190522	1553
20190523	1554
20190524	1555
20190525	1556
20190526	1557
20190527	1558
20190528	1559
20190529	1560
20190530	1561
20190531	1562
20190601	1563
20190602	1564
20190603	1565
20190604	1566
20190605	1567
20190606	1568
20190607	1569
20190608	1570
20190609	1571
20190610	1572
20190611	1573
20190612	1574
20190613	1575
20190614	1576
20190615	1577
20190616	1578
20190617	1579
20190618	1580
20190619	1581
20190620	1582
20190621	1583
20190622	1584
20190623	1585
20190624	1586
20190625	1587
20190626	1588
20190627	1589
20190628	1590
20190629	1591
20190630	1592
20190701	1593
20190702	1594
20190703	1595
20190704	1596
20190705	1597
20190706	1598
20190707	1599
20190708	1600
20190709	1601
20190710	1602
20190711	1603
20190712	1604
20190713	1605
20190714	1606
20190715	1607
20190716	1608
20190717	1609
20190718	1610
20190719	1611
20190720	1612
20190721	1613
20190722	1614
20190723	1615
20190724	1616
20190725	1617
20190726	1618
20190727	1619
20190728	1620
20190729	1621
20190730	1622
20190731	1623
20190801	1624
20190802	1625
20190803	1626
20190804	1627
20190805	1628
20190806	1629
20190807	1630
20190808	1631
20190809	1632
20190810	1633
20190811	1634
20190812	1635
20190813	1636
20190814	1637
20190815	1638
20190816	1639
20190817	1640
20190818	1641
20190819	1642
20190820	1643
20190821	1644
20190822	1645
20190823	1646
20190824	1647
20190825	1648
20190826	1649
20190827	1650
20190828	1651
20190829	1652
20190830	1653
20190831	1654
20190901	1655
20190902	1656
20190903	1657
20190904	1658
20190905	1659
20190906	1660
20190907	1661
20190908	1662
20190909	1663
20190910	1664
20190911	1665
20190912	1666
20190913	1667
20190914	1668
20190915	1669
20190916	1670
20190917	1671
20190918	1672
20190919	1673
20190920	1674
20190921	1675
20190922	1676
20190923	1677
20190924	1678
20190925	1679
20190926	1680
20190927	1681
20190928	1682
20190929	1683
20190930	1684
20191001	1685
20191002	1686
20191003	1687
20191004	1688
20191005	1689
20191006	1690
20191007	1691
20191008	1692
20191009	1693
20191010	1694
20191011	1695
20191012	1696
20191013	1697
20191014	1698
20191015	1699
20191016	1700
20191017	1701
20191018	1702
20191019	1703
20191020	1704
20191021	1705
20191022	1706
20191023	1707
20191024	1708
20191025	1709
20191026	1710
20191027	1711
20191028	1712
20191029	1713
20191030	1714
20191031	1715
20191101	1716
20191102	1717
20191103	1718
20191104	1719
20191105	1720
20191106	1721
20191107	1722
20191108	1723
20191109	1724
20191110	1725
20191111	1726
20191112	1727
20191113	1728
20191114	1729
20191115	1730
20191116	1731
20191117	1732
20191118	1733
20191119	1734
20191120	1735
20191121	1736
20191122	1737
20191123	1738
20191124	1739
20191125	1740
20191126	1741
20191127	1742
20191128	1743
20191129	1744
20191130	1745
20191201	1746
20191202	1747
20191203	1748
20191204	1749
20191205	1750
20191206	1751
20191207	1752
20191208	1753
20191209	1754
20191210	1755
20191211	1756
20191212	1757
20191213	1758
20191214	1759
20191215	1760
20191216	1761
20191217	1762
20191218	1763
20191219	1764
20191220	1765
20191221	1766
20191222	1767
20191223	1768
20191224	1769
20191225	1770
20191226	1771
20191227	1772
20191228	1773
20191229	1774
20191230	1775
20191231	1776
20200101	1777
20200102	1778
20200103	1779
20200104	1780
20200105	1781
20200106	1782
20200107	1783
20200108	1784
20200109	1785
20200110	1786
20200111	1787
20200112	1788
20200113	1789
20200114	1790
20200115	1791
20200116	1792
20200117	1793
20200118	1794
20200119	1795
20200120	1796
20200121	1797
20200122	1798
20200123	1799
20200124	1800
20200125	1801
20200126	1802
20200127	1803
20200128	1804
20200129	1805
20200130	1806
20200131	1807
20200201	1808
20200202	1809
20200203	1810
20200204	1811
20200205	1812
20200206	1813
20200207	1814
20200208	1815
20200209	1816
20200210	1817
20200211	1818
20200212	1819
20200213	1820
20200214	1821
20200215	1822
20200216	1823
20200217	1824
20200218	1825
20200219	1826
20200220	1827
20200221	1828
20200222	1829
20200223	1830
20200224	1831
20200225	1832
20200226	1833
20200227	1834
20200228	1835
20200229	1836
20200301	1837
20200302	1838
20200303	1839
20200304	1840
20200305	1841
20200306	1842
20200307	1843
20200308	1844
20200309	1845
20200310	1846
20200311	1847
20200312	1848
20200313	1849
20200314	1850
20200315	1851
20200316	1852
20200317	1853
20200318	1854
20200319	1855
20200320	1856
20200321	1857
20200322	1858
20200323	1859
20200324	1860
20200325	1861
20200326	1862
20200327	1863
20200328	1864
20200329	1865
20200330	1866
20200331	1867
20200401	1868
20200402	1869
20200403	1870
20200404	1871
20200405	1872
20200406	1873
20200407	1874
20200408	1875
20200409	1876
20200410	1877
20200411	1878
20200412	1879
20200413	1880
20200414	1881
20200415	1882
20200416	1883
20200417	1884
20200418	1885
20200419	1886
20200420	1887
20200421	1888
20200422	1889
20200423	1890
20200424	1891
20200425	1892
20200426	1893
20200427	1894
20200428	1895
20200429	1896
20200430	1897
20200501	1898
20200502	1899
20200503	1900
20200504	1901
20200505	1902
20200506	1903
20200507	1904
20200508	1905
20200509	1906
20200510	1907
20200511	1908
20200512	1909
20200513	1910
20200514	1911
20200515	1912
20200516	1913
20200517	1914
20200518	1915
20200519	1916
20200520	1917
20200521	1918
20200522	1919
20200523	1920
20200524	1921
20200525	1922
20200526	1923
20200527	1924
20200528	1925
20200529	1926
20200530	1927
20200531	1928
20200601	1929
20200602	1930
20200603	1931
20200604	1932
20200605	1933
20200606	1934
20200607	1935
20200608	1936
20200609	1937
20200610	1938
20200611	1939
20200612	1940
20200613	1941
20200614	1942
20200615	1943
20200616	1944
20200617	1945
20200618	1946
20200619	1947
20200620	1948
20200621	1949
20200622	1950
20200623	1951
20200624	1952
20200625	1953
20200626	1954
20200627	1955
20200628	1956
20200629	1957
20200630	1958
20200701	1959
20200702	1960
20200703	1961
20200704	1962
20200705	1963
20200706	1964
20200707	1965
20200708	1966
20200709	1967
20200710	1968
20200711	1969
20200712	1970
20200713	1971
20200714	1972
20200715	1973
20200716	1974
20200717	1975
20200718	1976
20200719	1977
20200720	1978
20200721	1979
20200722	1980
20200723	1981
20200724	1982
20200725	1983
20200726	1984
20200727	1985
20200728	1986
20200729	1987
20200730	1988
20200731	1989
20200801	1990
20200802	1991
20200803	1992
20200804	1993
20200805	1994
20200806	1995
20200807	1996
20200808	1997
20200809	1998
20200810	1999
20200811	2000
20200812	2001
20200813	2002
20200814	2003
20200815	2004
20200816	2005
20200817	2006
20200818	2007
20200819	2008
20200820	2009
20200821	2010
20200822	2011
20200823	2012
20200824	2013
20200825	2014
20200826	2015
20200827	2016
20200828	2017
20200829	2018
20200830	2019
20200831	2020
20200901	2021
20200902	2022
20200903	2023
20200904	2024
20200905	2025
20200906	2026
20200907	2027
20200908	2028
20200909	2029
20200910	2030
20200911	2031
20200912	2032
20200913	2033
20200914	2034
20200915	2035
20200916	2036
20200917	2037
20200918	2038
20200919	2039
20200920	2040
20200921	2041
20200922	2042
20200923	2043
20200924	2044
20200925	2045
20200926	2046
20200927	2047
20200928	2048
20200929	2049
20200930	2050
20201001	2051
20201002	2052
20201003	2053
20201004	2054
20201005	2055
20201006	2056
20201007	2057
20201008	2058
20201009	2059
20201010	2060
20201011	2061
20201012	2062
20201013	2063
20201014	2064
20201015	2065
20201016	2066
20201017	2067
20201018	2068
20201019	2069
20201020	2070
20201021	2071
20201022	2072
20201023	2073
20201024	2074
20201025	2075
20201026	2076
20201027	2077
20201028	2078
20201029	2079
20201030	2080
20201031	2081
20201101	2082
20201102	2083
20201103	2084
20201104	2085
20201105	2086
20201106	2087
20201107	2088
20201108	2089
20201109	2090
20201110	2091
20201111	2092
20201112	2093
20201113	2094
20201114	2095
20201115	2096
20201116	2097
20201117	2098
20201118	2099
20201119	2100
20201120	2101
20201121	2102
20201122	2103
20201123	2104
20201124	2105
20201125	2106
20201126	2107
20201127	2108
20201128	2109
20201129	2110
20201130	2111
20201201	2112
20201202	2113
20201203	2114
20201204	2115
20201205	2116
20201206	2117
20201207	2118
20201208	2119
20201209	2120
20201210	2121
20201211	2122
20201212	2123
20201213	2124
20201214	2125
20201215	2126
20201216	2127
20201217	2128
20201218	2129
20201219	2130
20201220	2131
20201221	2132
20201222	2133
20201223	2134
20201224	2135
20201225	2136
20201226	2137
20201227	2138
20201228	2139
20201229	2140
20201230	2141
20201231	2142
20210101	2143
20210102	2144
20210103	2145
20210104	2146
20210105	2147
20210106	2148
20210107	2149
20210108	2150
20210109	2151
20210110	2152
20210111	2153
20210112	2154
20210113	2155
20210114	2156
20210115	2157
20210116	2158
20210117	2159
20210118	2160
20210119	2161
20210120	2162
20210121	2163
20210122	2164
20210123	2165
20210124	2166
20210125	2167
20210126	2168
20210127	2169
20210128	2170
20210129	2171
20210130	2172
20210131	2173
20210201	2174
20210202	2175
20210203	2176
20210204	2177
20210205	2178
20210206	2179
20210207	2180
20210208	2181
20210209	2182
20210210	2183
20210211	2184
20210212	2185
20210213	2186
20210214	2187
20210215	2188
20210216	2189
20210217	2190
20210218	2191
20210219	2192
20210220	2193
20210221	2194
20210222	2195
20210223	2196
20210224	2197
20210225	2198
20210226	2199
20210227	2200
20210228	2201
20210301	2202
20210302	2203
20210303	2204
20210304	2205
20210305	2206
20210306	2207
20210307	2208
20210308	2209
20210309	2210
20210310	2211
20210311	2212
20210312	2213
20210313	2214
20210314	2215
20210315	2216
20210316	2217
20210317	2218
20210318	2219
20210319	2220
20210320	2221
20210321	2222
20210322	2223
20210323	2224
20210324	2225
20210325	2226
20210326	2227
20210327	2228
20210328	2229
20210329	2230
20210330	2231
20210331	2232
20210401	2233
20210402	2234
20210403	2235
20210404	2236
20210405	2237
20210406	2238
20210407	2239
20210408	2240
20210409	2241
20210410	2242
20210411	2243
20210412	2244
20210413	2245
20210414	2246
20210415	2247
20210416	2248
20210417	2249
20210418	2250
20210419	2251
20210420	2252
20210421	2253
20210422	2254
20210423	2255
20210424	2256
20210425	2257
20210426	2258
20210427	2259
20210428	2260
20210429	2261
20210430	2262
20210501	2263
20210502	2264
20210503	2265
20210504	2266
20210505	2267
20210506	2268
20210507	2269
20210508	2270
20210509	2271
20210510	2272
20210511	2273
20210512	2274
20210513	2275
20210514	2276
20210515	2277
20210516	2278
20210517	2279
20210518	2280
20210519	2281
20210520	2282
20210521	2283
20210522	2284
20210523	2285
20210524	2286
20210525	2287
20210526	2288
20210527	2289
20210528	2290
20210529	2291
20210530	2292
20210531	2293
20210601	2294
20210602	2295
20210603	2296
20210604	2297
20210605	2298
20210606	2299
20210607	2300
20210608	2301
20210609	2302
20210610	2303
20210611	2304
20210612	2305
20210613	2306
20210614	2307
20210615	2308
20210616	2309
20210617	2310
20210618	2311
20210619	2312
20210620	2313
20210621	2314
20210622	2315
20210623	2316
20210624	2317
20210625	2318
20210626	2319
20210627	2320
20210628	2321
20210629	2322
20210630	2323
20210701	2324
20210702	2325
20210703	2326
20210704	2327
20210705	2328
20210706	2329
20210707	2330
20210708	2331
20210709	2332
20210710	2333
20210711	2334
20210712	2335
20210713	2336
20210714	2337
20210715	2338
20210716	2339
20210717	2340
20210718	2341
20210719	2342
20210720	2343
20210721	2344
20210722	2345
20210723	2346
20210724	2347
20210725	2348
20210726	2349
20210727	2350
20210728	2351
20210729	2352
20210730	2353
20210731	2354
20210801	2355
20210802	2356
20210803	2357
20210804	2358
20210805	2359
20210806	2360
20210807	2361
20210808	2362
20210809	2363
20210810	2364
20210811	2365
20210812	2366
20210813	2367
20210814	2368
20210815	2369
20210816	2370
20210817	2371
20210818	2372
20210819	2373
20210820	2374
20210821	2375
20210822	2376
20210823	2377
20210824	2378
20210825	2379
20210826	2380
20210827	2381
20210828	2382
20210829	2383
20210830	2384
20210831	2385
20210901	2386
20210902	2387
20210903	2388
20210904	2389
20210905	2390
20210906	2391
20210907	2392
20210908	2393
20210909	2394
20210910	2395
20210911	2396
20210912	2397
20210913	2398
20210914	2399
20210915	2400
20210916	2401
20210917	2402
20210918	2403
20210919	2404
20210920	2405
20210921	2406
20210922	2407
20210923	2408
20210924	2409
20210925	2410
20210926	2411
20210927	2412
20210928	2413
20210929	2414
20210930	2415
20211001	2416
20211002	2417
20211003	2418
20211004	2419
20211005	2420
20211006	2421
20211007	2422
20211008	2423
20211009	2424
20211010	2425
20211011	2426
20211012	2427
20211013	2428
20211014	2429
20211015	2430
20211016	2431
20211017	2432
20211018	2433
20211019	2434
20211020	2435
20211021	2436
20211022	2437
20211023	2438
20211024	2439
20211025	2440
20211026	2441
20211027	2442
20211028	2443
20211029	2444
20211030	2445
20211031	2446
20211101	2447
20211102	2448
20211103	2449
20211104	2450
20211105	2451
20211106	2452
20211107	2453
20211108	2454
20211109	2455
20211110	2456
20211111	2457
20211112	2458
20211113	2459
20211114	2460
20211115	2461
20211116	2462
20211117	2463
20211118	2464
20211119	2465
20211120	2466
20211121	2467
20211122	2468
20211123	2469
20211124	2470
20211125	2471
20211126	2472
20211127	2473
20211128	2474
20211129	2475
20211130	2476
20211201	2477
20211202	2478
20211203	2479
20211204	2480
20211205	2481
20211206	2482
20211207	2483
20211208	2484
20211209	2485
20211210	2486
20211211	2487
20211212	2488
20211213	2489
20211214	2490
20211215	2491
20211216	2492
20211217	2493
20211218	2494
20211219	2495
20211220	2496
20211221	2497
20211222	2498
20211223	2499
20211224	2500
20211225	2501
20211226	2502
20211227	2503
20211228	2504
20211229	2505
20211230	2506
20211231	2507
20220101	2508
20220102	2509
20220103	2510
20220104	2511
20220105	2512
20220106	2513
20220107	2514
20220108	2515
20220109	2516
20220110	2517
20220111	2518
20220112	2519
20220113	2520
20220114	2521
20220115	2522
20220116	2523
20220117	2524
20220118	2525
20220119	2526
20220120	2527
20220121	2528
20220122	2529
20220123	2530
20220124	2531
20220125	2532
20220126	2533
20220127	2534
20220128	2535
20220129	2536
20220130	2537
20220131	2538
20220201	2539
20220202	2540
20220203	2541
20220204	2542
20220205	2543
20220206	2544
20220207	2545
20220208	2546
20220209	2547
20220210	2548
20220211	2549
20220212	2550
20220213	2551
20220214	2552
20220215	2553
20220216	2554
20220217	2555
20220218	2556
20220219	2557
20220220	2558
20220221	2559
20220222	2560
20220223	2561
20220224	2562
20220225	2563
20220226	2564
20220227	2565
20220228	2566
20220301	2567
20220302	2568
20220303	2569
20220304	2570
20220305	2571
20220306	2572
20220307	2573
20220308	2574
20220309	2575
20220310	2576
20220311	2577
20220312	2578
20220313	2579
20220314	2580
20220315	2581
20220316	2582
20220317	2583
