38	21	18	37
42	86	13	342
135	1031	4	279
70	71	7	37
1499	51	42	228
896	42	2	50
63	783	11	85
24	262	7	244
1346	127	25	26
1586	132	0	120
38	165	21	88
1234	1235	0	55
133	48	17	49
144	18	2	162
34	677	13	240
343	344	21	35
759	86	0	48
46	1118	2	31
1005	414	0	148
1047	767	51	271
133	247	21	306
809	24	18	52
985	42	0	93
358	24	17	158
593	1689	0	288
722	51	46	68
152	172	4	94
46	68	29	82
6	208	3	5
29	335	2	33
27	86	0	204
40	168	89	119
85	42	0	257
38	21	22	131
334	189	0	23
388	87	4	199
269	18	22	136
873	141	136	57
202	72	10	105
9	171	13	25
37	1384	2	79
851	298	0	137
703	1303	0	83
218	219	0	130
1639	64	79	210
1787	1788	18	238
144	1245	21	279
42	296	10	179
966	967	4	19
1504	890	3	84
32	27	4	107
308	132	0	306
300	101	4	162
1336	196	0	168
7	135	4	318
1473	689	22	243
1876	1627	0	304
149	144	25	84
990	24	7	45
543	42	3	193
369	388	47	254
461	22	50	319
171	102	4	79
202	701	10	122
1273	0	0	176
612	731	10	56
1521	1522	0	196
2	3	1	1
12	11	29	113
135	9	4	334
611	1353	18	319
171	155	7	285
159	0	0	259
1082	81	20	25
1780	86	0	270
71	635	0	184
1581	468	4	305
567	188	25	2
37	86	20	94
1533	1534	0	109
1197	1198	13	159
42	85	2	167
24	0	18	171
511	512	0	29
97	563	0	85
1855	100	100	331
917	918	21	131
91	92	0	48
68	1766	10	117
24	0	7	0
89	220	13	78
651	11	12	147
390	85	84	122
253	252	28	23
517	179	2	273
166	167	0	53
1585	919	0	9
1343	86	0	205
1379	190	18	132
42	85	72	61
1992	42	0	9
171	712	7	225
652	283	3	6
293	723	67	56
98	11	20	6
653	164	1	310
374	884	4	130
171	9	57	241
77	42	13	3
546	1609	3	142
319	1324	18	322
86	37	5	0
587	1125	4	130
171	86	0	12
340	341	23	272
86	1086	10	69
229	460	4	279
360	34	20	32
654	783	7	143
152	611	4	318
201	21	0	69
1304	518	19	65
6	68	0	219
1351	30	7	232
229	267	0	104
9	783	5	295
1667	14	0	229
12	11	5	293
242	163	13	261
24	0	34	65
145	146	2	27
340	1985	0	35
1268	24	6	0
171	333	3	43
1553	466	11	23
811	86	3	252
1369	835	2	269
1743	42	0	98
225	114	98	215
767	1112	25	276
1241	85	3	247
549	94	0	238
1405	18	4	292
434	170	3	193
144	554	11	283
6	678	34	48
1636	1327	0	133
142	1622	0	42
135	183	3	85
428	919	18	74
1470	42	69	137
811	37	13	114
142	151	0	11
1516	827	4	360
144	42	4	248
241	46	17	36
301	931	0	276
34	1057	4	285
7	271	0	54
434	135	6	304
970	1196	0	5
663	294	25	148
141	21	3	78
120	1066	2	22
133	48	21	162
538	539	11	50
325	326	22	27
1515	1516	4	164
1644	6	2	17
0	24	39	108
171	195	3	299
919	1410	23	153
88	42	3	46
182	304	4	224
907	823	5	128
7	38	3	143
392	145	0	93
408	394	4	240
172	719	2	6
924	925	15	164
85	171	10	97
390	41	42	350
32	33	4	16
652	608	3	49
781	782	18	352
349	350	0	57
454	0	5	58
451	229	28	353
24	0	7	276
1031	135	4	279
24	0	65	21
384	1449	82	144
610	68	103	262
155	333	57	339
12	11	21	27
358	24	44	122
638	1156	4	164
0	1424	0	250
772	430	20	325
24	262	7	242
86	37	4	110
38	21	7	138
1032	86	1	71
688	1735	0	206
9	315	4	195
1796	24	42	249
460	451	66	183
136	189	0	125
133	48	5	182
101	40	4	332
840	24	5	288
171	562	13	128
528	388	47	148
1034	1398	4	28
1378	1799	7	9
852	118	5	191
141	38	5	164
1314	479	25	8
64	281	7	131
24	454	63	1
155	42	4	90
852	42	0	290
38	21	7	198
122	573	21	24
47	48	14	25
746	42	11	134
1929	1329	0	319
7	42	12	254
67	1303	0	123
255	70	0	177
144	42	24	238
42	1236	69	184
642	718	16	309
804	805	0	331
249	250	0	147
919	1128	46	80
561	14	4	140
352	1643	92	183
103	1753	4	174
563	11	99	141
35	131	29	65
171	9	4	152
360	335	3	222
1097	51	13	152
468	1311	0	128
935	228	25	316
229	460	0	32
77	64	4	45
587	265	11	290
133	48	12	354
101	42	0	296
164	288	42	278
1077	11	105	146
1625	459	0	331
1821	1822	0	128
120	919	94	135
1395	86	0	243
1315	458	17	291
642	192	0	202
317	285	59	38
959	0	0	156
334	1111	21	64
24	0	7	306
1191	1192	37	46
1550	1615	57	332
534	1439	21	34
1338	710	12	173
21	141	10	173
641	152	0	251
164	288	21	11
11	563	7	305
763	142	25	4
1425	1150	13	185
7	212	13	126
86	85	2	327
446	272	7	243
48	133	37	9
270	1908	7	7
1983	1984	4	67
165	38	43	295
63	77	107	144
37	21	11	226
993	51	18	178
12	11	46	219
1518	1310	0	350
242	18	10	222
183	890	57	333
228	495	13	2
836	7	4	206
171	155	0	172
63	7	29	20
150	73	13	27
1112	767	17	197
133	48	7	93
135	706	0	317
168	120	0	11
9	29	13	272
727	86	20	5
914	915	27	224
97	563	0	182
171	37	2	250
293	451	13	3
679	188	17	228
86	22	24	108
100	33	23	54
135	998	4	48
565	85	57	245
411	188	21	219
29	171	4	202
40	283	2	170
813	1496	10	48
691	637	7	218
536	1779	0	328
651	847	0	137
13	14	4	7
171	9	4	255
103	77	3	317
104	35	24	88
360	681	4	6
63	217	8	275
1243	190	4	236
434	1254	4	126
76	77	13	103
50	608	24	353
144	18	10	326
490	384	21	170
1298	1299	0	172
9	756	4	86
51	196	34	12
1157	1158	60	303
757	86	45	217
488	751	57	199
384	85	25	223
400	220	29	193
7	120	4	284
1543	37	35	54
1921	197	4	348
609	165	104	306
157	1947	18	333
101	1358	4	260
281	64	7	186
971	854	4	302
86	141	18	118
1860	1861	18	84
1373	1374	0	313
1123	605	13	221
133	48	5	198
102	101	11	1
857	858	10	76
631	121	61	109
78	586	25	220
86	14	22	304
1030	169	37	16
101	42	0	170
404	42	0	226
285	317	43	251
42	85	22	103
148	24	7	239
7	220	13	242
86	37	4	12
609	165	5	256
1953	1621	13	211
1754	1703	0	159
860	285	0	72
77	142	2	79
1812	679	25	131
352	35	59	53
503	1435	0	113
51	196	28	225
358	24	17	7
920	384	7	158
40	120	22	129
1127	755	4	160
895	1223	0	0
884	488	24	329
42	144	20	113
788	86	0	102
135	7	4	236
86	35	16	1
37	21	3	176
18	269	5	113
328	1890	7	283
135	432	4	253
157	7	33	31
170	319	40	222
1159	1160	28	13
1329	1330	21	112
1211	1824	3	142
86	38	13	105
94	343	0	290
906	196	4	127
133	48	17	71
0	1	0	0
994	995	5	322
164	288	21	214
1314	144	25	47
9	171	8	310
64	1188	20	235
795	794	7	287
109	0	2	307
24	1889	6	20
21	37	11	329
1336	51	7	338
169	1171	21	103
642	1632	13	79
27	51	7	257
364	85	0	53
228	572	25	44
285	420	21	170
526	430	40	243
243	581	13	5
1359	824	0	28
1994	869	11	46
190	2023	20	105
289	78	7	225
14	322	10	24
190	314	13	227
314	132	24	125
446	1705	105	31
1104	42	16	33
135	7	4	191
86	1630	6	83
81	64	3	42
1388	120	4	96
1834	1835	2	172
1458	1483	38	300
241	46	56	215
21	1997	27	45
229	460	4	20
171	1409	0	83
696	511	5	313
587	202	0	198
201	120	4	103
78	352	97	104
171	38	3	114
38	86	29	158
82	83	19	43
97	11	106	12
434	509	0	321
275	372	0	260
723	460	19	49
242	243	4	141
451	1204	4	153
7	104	78	7
1421	1327	0	128
7	63	29	159
77	42	22	87
586	35	45	169
442	443	10	144
190	186	22	112
631	714	4	351
1314	144	52	206
45	14	4	330
1017	532	0	343
595	144	3	206
884	1778	4	175
1912	318	4	28
1073	1074	2	158
261	875	5	137
101	102	4	180
86	170	4	59
7	170	3	31
85	390	21	59
159	152	0	310
12	530	27	290
1215	588	4	153
339	51	18	108
114	770	2	87
1199	190	4	209
77	86	22	29
22	259	10	78
269	18	3	340
1724	1725	22	218
24	0	34	166
1144	1145	7	94
101	102	4	5
34	171	20	183
1714	737	46	204
9	10	0	5
37	86	3	219
751	488	4	1
97	1620	122	73
559	944	38	157
592	1689	7	333
42	168	2	183
1933	35	0	281
21	38	37	247
159	24	121	84
150	913	4	247
232	73	18	5
919	1850	17	288
18	1060	4	78
490	384	18	314
280	195	0	166
45	68	0	269
1548	50	0	80
1552	1481	7	336
7	220	8	91
1288	50	3	63
40	22	3	274
1604	2011	17	326
84	85	59	74
399	1460	0	65
854	50	0	210
1371	78	7	53
516	276	12	319
100	33	23	158
685	559	84	150
144	595	4	293
990	351	7	102
99	101	0	36
182	734	4	54
320	566	13	19
1862	190	29	67
149	479	25	125
604	78	37	256
86	21	10	219
586	35	13	187
86	170	18	4
372	104	0	42
42	405	34	185
849	850	29	123
24	534	37	263
237	86	41	138
261	633	25	115
811	1185	0	97
883	182	8	263
701	400	13	91
135	1041	3	286
42	1606	4	21
677	105	3	57
67	159	0	116
217	63	7	1
714	41	4	315
967	42	3	28
51	27	5	273
162	10	0	190
850	86	4	313
7	217	4	28
1011	1012	19	85
434	78	12	203
706	86	0	334
227	228	40	134
338	780	5	75
181	479	0	333
967	678	4	0
135	436	115	115
990	109	4	207
1110	1790	6	339
164	288	21	179
1518	1519	0	254
50	698	7	64
895	281	4	260
980	298	0	202
1902	384	15	42
548	488	0	289
519	86	0	18
482	483	57	260
1684	714	8	139
277	358	0	252
77	37	13	250
131	6	10	217
102	101	4	242
1808	1809	0	274
1186	727	0	148
908	170	0	18
1360	1361	18	55
135	86	34	11
1840	1115	13	21
171	38	34	140
1230	144	3	147
854	311	2	338
217	29	10	56
7	144	86	271
98	651	0	188
631	122	1	9
24	454	18	175
645	40	10	57
1562	24	7	195
225	328	2	132
29	661	3	210
101	86	13	45
599	1507	10	225
1975	1505	19	99
0	660	12	340
1173	35	3	250
1177	217	3	15
101	42	7	220
2049	346	25	202
42	86	24	77
50	104	20	51
113	86	78	103
1230	432	4	43
293	451	80	146
261	260	25	269
77	1438	21	94
424	42	7	127
135	498	22	277
21	37	53	54
144	143	0	353
631	121	0	45
464	926	122	123
319	170	13	287
171	120	13	199
101	102	0	71
320	1185	0	277
86	1216	10	135
284	285	44	18
120	7	2	4
1421	1573	21	315
86	38	13	215
1607	1608	2	135
42	14	6	303
289	604	0	238
836	837	4	162
721	1315	28	276
1973	936	0	260
333	170	4	166
77	832	21	93
120	171	57	319
133	48	54	325
1127	969	4	19
269	18	4	298
77	1166	10	237
42	126	2	44
721	471	23	105
142	1444	21	312
845	7	0	168
1114	1115	0	88
86	104	17	37
364	85	0	254
40	101	11	218
133	48	7	248
983	1678	0	47
182	37	2	162
169	331	37	86
7	50	2	29
301	24	5	80
51	33	7	106
101	171	13	18
608	1435	44	63
1909	339	7	175
641	1464	0	37
42	751	3	125
123	533	0	133
604	586	0	82
101	767	13	39
68	1275	21	118
51	1880	42	194
37	86	22	85
208	5	10	94
126	923	17	301
392	51	127	0
0	24	16	85
119	32	7	349
821	42	0	210
86	618	43	293
24	656	5	48
956	195	22	262
2025	11	29	161
87	314	2	129
383	285	137	153
511	2047	4	263
487	104	4	6
189	50	59	323
1260	1261	4	163
217	77	0	249
85	390	17	187
781	782	18	28
144	414	27	101
657	12	0	37
738	220	3	219
424	42	0	181
9	45	4	109
9	40	8	61
40	677	4	68
190	904	3	122
189	765	21	274
1905	7	2	168
40	144	16	1
37	38	13	84
86	1356	10	90
1499	188	5	203
133	48	37	38
298	826	10	198
1081	14	3	216
86	37	13	102
135	86	3	76
1027	24	28	118
127	384	25	49
86	605	22	202
143	29	25	323
272	792	24	143
50	1043	22	4
701	86	0	325
1978	451	0	279
1647	162	4	333
315	278	0	256
645	142	2	25
817	605	0	96
334	471	0	143
86	38	61	270
764	85	28	155
103	37	24	47
7	170	13	101
120	7	4	60
561	86	67	156
563	11	69	332
341	1641	60	137
117	163	13	172
591	1733	2	359
186	283	3	329
1352	794	25	237
1160	1259	0	196
338	196	7	75
164	653	38	273
202	1577	10	45
430	77	4	105
104	105	41	5
220	221	21	310
169	213	37	109
326	473	22	221
69	188	5	252
85	182	10	261
1073	261	17	10
1966	439	25	308
589	261	71	73
50	854	20	41
86	170	22	90
126	127	0	52
1177	285	20	355
1612	1613	24	166
1535	1767	0	105
171	9	12	187
37	42	24	304
1423	382	2	323
278	246	0	306
50	86	18	35
334	7	19	153
535	142	25	181
58	714	0	76
169	331	17	253
639	936	13	125
86	813	67	120
163	527	12	111
848	272	95	19
168	169	53	319
1317	229	2	294
487	182	0	84
1283	1284	13	174
159	1109	18	72
118	42	16	122
814	815	7	333
278	182	29	82
656	263	5	76
6	186	4	168
12	1042	15	21
850	879	10	187
293	229	3	193
38	86	11	77
1335	1582	0	196
533	232	40	110
320	811	5	198
1	840	7	306
104	86	11	264
194	303	0	215
598	0	0	170
1229	38	13	128
24	109	18	221
587	202	0	288
7	86	0	290
182	22	63	79
6	126	18	10
9	171	4	189
188	272	17	310
767	991	9	163
730	11	85	18
335	77	4	47
1485	773	65	362
155	42	3	86
159	0	0	244
7	217	8	244
86	1776	21	103
259	7	57	239
1661	1801	7	50
170	1605	93	222
42	384	21	124
751	42	24	98
86	77	22	147
1672	652	13	228
560	270	0	54
48	133	18	196
334	471	21	313
330	331	25	191
392	51	51	89
42	896	10	50
946	385	4	63
100	1374	0	327
24	0	7	171
340	341	21	163
171	195	3	92
81	1287	82	31
809	0	7	224
963	964	20	349
101	37	13	284
1913	6	5	83
349	1025	0	41
86	101	10	57
212	50	13	196
23	109	4	118
1517	255	0	320
467	396	42	81
455	1908	0	100
181	1295	102	22
599	790	10	213
1883	104	0	113
265	587	11	290
333	190	3	353
45	135	4	107
7	86	4	85
108	109	0	59
1337	86	13	59
196	197	1	116
24	958	7	33
195	171	10	92
296	42	2	76
1415	85	3	180
171	9	29	159
851	42	0	226
101	102	4	314
842	843	4	205
135	21	3	314
122	631	118	115
86	599	22	304
944	559	66	32
51	27	18	106
376	377	74	117
133	48	5	135
182	333	13	178
1236	126	25	6
9	171	8	251
109	0	18	221
264	24	25	325
951	463	7	264
269	824	4	271
408	77	34	59
86	144	20	171
238	50	42	25
875	589	25	152
101	42	16	152
597	14	0	196
1697	169	2	223
757	1803	11	115
364	42	3	117
38	21	7	133
86	38	22	290
9	102	57	265
1376	154	98	205
1651	364	7	91
35	78	21	199
24	0	7	63
612	613	29	122
772	773	21	117
1333	862	0	262
24	358	5	292
29	1873	22	185
68	86	94	90
78	352	7	122
24	351	18	285
46	68	22	155
159	24	6	336
935	228	25	28
474	86	0	72
34	37	0	221
144	183	4	147
2040	2031	0	196
24	0	12	90
37	1169	0	111
7	50	3	143
86	104	19	57
611	68	18	148
1830	1831	25	255
17	18	0	9
1882	982	6	202
479	414	17	202
237	255	22	145
48	133	7	357
1988	288	7	85
358	24	17	112
717	130	0	159
27	51	93	335
18	269	29	277
314	77	22	164
935	51	70	41
85	1815	11	83
359	1372	4	56
1433	1434	0	130
1336	51	16	5
217	1498	13	254
7	86	13	346
222	9	8	64
891	873	0	312
1455	1663	4	250
37	865	0	295
372	1476	0	190
273	335	3	300
397	398	51	41
352	586	21	186
7	1169	5	99
612	701	4	213
195	303	0	174
9	29	0	17
162	1556	12	260
86	1932	21	49
1949	86	140	19
274	7	4	162
126	160	7	325
12	1452	17	185
98	1579	4	32
764	85	28	246
926	51	77	179
86	7	2	288
390	85	56	118
609	165	21	340
48	1661	7	290
152	544	55	41
207	135	13	253
436	86	127	248
967	678	0	254
2004	1260	4	143
916	51	62	230
381	382	18	201
1960	212	2	195
424	42	0	164
171	34	29	213
1125	202	3	53
27	810	13	326
334	854	11	187
171	731	4	302
142	357	17	72
101	767	7	39
25	26	4	13
202	1726	24	192
42	268	10	179
431	69	2	154
190	674	0	332
101	296	4	105
1869	1870	108	186
388	86	78	2
262	203	122	259
109	24	2	269
186	1216	4	137
24	0	7	305
407	1489	37	171
42	85	24	36
770	771	4	251
1094	135	22	294
14	217	13	9
426	165	23	5
302	195	0	276
328	1936	11	334
203	23	21	237
42	85	135	66
1957	126	18	356
1526	1527	0	215
731	64	16	279
358	24	42	203
570	571	64	52
201	14	4	10
141	7	4	253
72	110	0	60
316	168	46	185
42	1688	21	64
1314	144	25	84
86	385	10	211
217	202	4	275
921	821	4	27
529	434	0	172
285	24	21	87
465	42	0	96
36	37	0	310
752	965	16	201
1009	1460	25	212
102	101	4	61
42	1591	11	332
135	86	0	302
37	21	13	21
35	170	13	339
4	5	2	2
6	7	3	3
459	1976	39	47
76	77	0	93
7	86	13	98
38	37	24	5
1829	190	10	213
789	135	2	346
187	1839	7	63
159	24	7	55
1140	56	12	117
144	86	22	302
214	147	18	163
1676	574	0	59
422	51	17	164
126	1765	27	28
875	261	25	17
51	197	7	200
249	241	0	241
194	302	4	329
281	974	7	67
85	465	10	215
1084	37	7	276
126	1746	56	21
677	442	2	236
122	121	118	339
985	101	2	61
275	276	4	2
620	114	44	108
599	35	11	236
35	1173	3	73
222	102	13	106
1565	1566	5	237
318	1680	21	186
533	1132	0	28
131	725	46	210
37	538	10	183
424	42	0	203
86	85	72	68
85	764	21	196
392	51	21	172
1361	48	7	224
24	262	9	192
260	332	37	193
33	196	4	111
29	7	10	46
6	451	2	293
144	94	93	221
981	42	0	18
1461	154	4	118
152	153	4	89
86	38	4	215
595	18	13	88
1436	24	7	32
811	812	4	198
1597	1145	11	33
222	361	0	268
498	381	7	206
304	86	12	180
85	77	24	327
35	289	19	111
610	68	46	186
24	0	12	291
1127	1711	13	180
135	86	13	124
51	33	16	195
86	5	10	181
101	102	13	124
86	77	10	87
352	586	12	42
441	754	0	217
742	743	8	111
100	51	21	144
21	7	18	76
1053	1054	11	335
623	624	21	277
474	1314	0	289
86	77	22	59
568	29	0	62
144	543	10	78
1602	104	3	11
78	1221	29	60
24	534	6	271
339	51	28	185
121	86	109	18
50	471	21	343
1399	408	0	305
703	24	7	186
535	536	71	227
40	34	29	213
561	86	0	38
21	38	10	20
1222	328	3	63
142	151	17	86
38	86	24	4
29	413	4	202
29	443	3	334
97	501	13	130
1303	24	5	253
1139	542	42	231
384	81	5	53
7	22	3	239
1385	270	29	342
49	305	7	1
1038	1039	25	133
448	171	6	78
24	0	7	24
102	101	4	128
862	385	0	297
42	77	11	168
21	6	19	202
1854	165	29	146
1111	85	112	267
426	427	54	231
706	1105	3	25
1160	1259	0	80
9	171	8	194
436	113	34	341
135	273	4	54
86	37	102	329
2033	1481	0	12
316	261	21	73
38	50	4	332
1429	314	13	24
48	139	117	45
713	358	0	318
430	42	22	135
468	132	3	168
1271	1272	19	113
86	18	10	282
86	42	41	55
392	51	19	249
1088	1089	0	166
12	11	21	225
133	48	23	87
51	197	7	143
458	136	13	216
751	102	10	307
12	11	54	4
436	86	7	310
379	384	5	115
237	21	24	60
135	706	34	240
265	266	13	9
783	328	0	24
42	442	11	101
29	2012	22	246
38	21	0	238
651	11	28	128
7	63	8	105
6	1671	2	112
262	1063	12	103
159	0	0	12
281	222	4	265
6	161	2	262
1528	451	18	3
136	471	0	271
51	1270	25	95
346	977	5	205
1685	841	5	157
135	498	22	95
189	50	17	88
64	65	17	33
7	77	3	54
513	50	0	221
7	63	29	263
1325	50	3	358
131	761	46	210
54	316	7	37
182	315	8	82
50	86	19	108
37	85	2	166
126	923	17	12
122	631	38	125
7	163	2	195
21	6	98	167
327	975	10	36
33	368	18	208
14	150	13	85
459	298	59	107
7	85	59	49
170	1145	11	82
171	46	7	158
1679	1115	12	253
86	77	24	292
38	80	20	143
42	111	10	61
220	221	0	23
680	681	4	195
880	773	18	212
133	634	23	154
493	494	4	264
255	37	3	161
121	122	25	68
1959	783	13	43
1503	195	0	153
663	126	18	113
472	1195	11	152
195	1350	2	254
217	77	13	11
14	77	4	235
643	1092	13	133
358	24	42	117
432	933	4	348
634	247	15	141
940	488	3	19
64	435	10	193
24	518	5	60
355	356	0	204
1548	50	7	52
778	51	21	327
1084	86	0	177
171	29	28	19
7	135	0	109
3	232	21	46
1626	654	2	329
135	86	0	3
190	38	16	28
1395	86	5	199
1069	17	4	9
352	586	18	322
14	884	4	19
85	367	5	70
101	480	20	243
85	1026	10	211
290	94	93	130
101	42	4	322
358	24	17	270
196	906	4	24
1446	67	12	338
24	1523	7	7
434	352	12	118
182	883	8	263
1628	46	0	173
172	719	0	108
1730	1731	7	276
1562	0	0	278
358	24	17	92
37	86	94	205
1726	359	2	202
1488	11	7	308
345	179	7	170
1006	135	29	255
86	90	10	322
21	38	7	137
98	564	11	343
86	144	20	201
203	24	27	119
86	77	67	276
135	7	20	135
926	51	7	120
1201	686	21	30
100	51	7	84
0	24	82	247
51	33	19	128
85	1052	0	338
21	7	18	257
34	677	4	11
946	913	10	177
414	479	25	346
164	288	21	246
86	135	13	347
0	109	0	22
107	172	4	98
586	35	13	169
773	880	12	46
1176	992	4	9
133	48	17	211
1167	1168	7	165
208	1006	10	213
1372	285	0	76
491	492	4	39
38	135	10	243
27	1206	5	88
7	170	8	254
24	159	5	237
7	86	3	12
126	1236	17	322
2034	283	0	308
731	171	0	12
259	37	2	267
602	24	5	164
482	42	2	241
42	202	40	162
84	85	0	44
21	37	11	184
1074	261	7	260
86	38	24	344
120	171	4	39
732	733	11	239
41	42	0	22
18	86	3	88
104	632	10	264
297	188	18	44
408	360	4	41
632	131	4	222
685	559	37	161
3	232	21	125
642	1319	4	236
314	488	0	198
109	0	18	219
67	0	0	35
104	894	10	263
133	247	27	262
1400	1189	0	167
490	384	9	156
318	170	0	61
631	86	129	39
232	951	99	152
700	42	0	200
251	42	2	149
1060	451	0	4
1338	1853	0	98
77	135	10	54
1958	48	34	106
132	1033	10	316
85	42	24	202
1112	767	49	343
744	660	4	70
1003	1004	37	63
1161	24	7	236
1163	104	23	144
396	51	7	304
685	559	25	154
1109	454	0	254
159	1631	0	41
392	196	0	125
1332	51	21	141
347	1355	0	360
1014	401	21	133
42	85	39	12
872	86	3	182
1696	85	13	237
1131	767	25	350
51	1270	25	212
612	364	7	271
358	67	72	81
97	11	7	73
260	261	21	51
292	85	76	129
1031	789	0	279
1210	495	2	148
131	132	63	194
400	1896	20	75
285	303	22	320
487	1627	0	351
1060	144	2	54
651	11	23	154
516	276	7	201
37	86	5	232
756	46	0	276
1858	1859	0	49
919	169	0	134
922	202	0	15
490	469	19	51
179	346	101	56
566	601	13	32
767	891	5	250
40	101	13	342
51	33	12	7
255	358	11	97
795	1563	13	293
24	0	34	343
1702	1703	8	301
627	86	0	18
98	564	7	343
21	141	10	58
1681	24	18	90
7	22	13	279
77	217	4	317
898	104	13	32
1044	77	25	72
875	1457	124	38
104	105	24	57
86	42	13	86
1768	1769	0	3
68	897	21	253
596	86	18	91
66	86	3	262
1066	335	13	152
38	1337	13	256
86	37	29	5
559	386	37	219
171	120	13	147
77	126	102	28
40	745	3	26
314	605	24	212
851	42	0	307
11	12	37	141
638	171	4	126
86	37	7	182
227	51	21	19
37	86	18	46
37	86	3	88
202	701	4	83
935	51	118	133
98	730	88	268
71	188	0	166
1231	51	28	260
1268	1269	3	0
86	77	11	34
336	337	7	154
171	449	10	37
40	642	4	30
347	953	23	261
534	1289	4	301
1514	635	4	197
332	260	1	193
1717	285	18	116
37	21	141	324
86	42	4	148
1226	1227	37	164
51	916	9	299
902	903	7	328
163	1793	0	5
85	42	34	297
1658	1659	0	268
628	69	2	111
242	243	10	30
35	170	20	136
1340	77	0	271
220	38	29	194
104	170	24	57
101	85	3	308
11	98	18	242
147	24	7	219
682	948	4	27
367	155	0	206
133	686	21	236
122	631	118	330
195	1843	10	309
1447	585	0	252
1421	400	133	236
86	37	18	123
133	48	23	307
144	479	0	130
358	24	42	114
716	24	17	212
2039	86	4	41
276	372	13	27
133	48	17	158
1500	78	21	40
390	85	52	93
81	1794	100	293
42	101	10	202
29	1305	4	91
1708	38	0	330
1382	434	13	333
789	790	12	289
196	1603	16	194
699	165	21	152
12	530	21	239
563	1341	22	201
207	78	16	259
1878	1879	0	314
526	1075	7	269
272	68	13	117
171	9	13	248
38	502	10	268
69	1113	4	31
552	553	11	132
242	29	20	136
86	38	7	308
135	86	34	123
364	1055	106	161
1485	1646	19	172
352	79	23	331
6	68	102	335
155	7	8	193
651	11	18	339
164	1190	0	336
345	346	42	115
426	1328	0	191
563	11	82	143
1214	804	66	85
133	48	17	279
1532	1241	5	167
1651	161	7	166
1135	1474	10	239
394	41	2	147
1396	480	25	239
1639	735	13	363
811	86	3	61
867	868	21	177
101	102	29	187
392	51	21	279
434	627	10	55
459	77	59	188
1972	86	40	10
103	569	4	107
6	77	16	194
376	377	10	143
334	854	4	188
984	78	51	87
259	162	4	41
1938	29	2	243
9	171	0	329
709	710	21	164
1129	587	2	25
46	327	11	37
1316	24	21	32
85	767	93	60
27	1231	0	89
51	1130	108	315
12	11	15	41
170	86	89	173
149	824	25	233
142	748	17	152
831	131	0	15
831	103	3	230
0	660	28	339
611	152	4	338
657	12	0	269
171	120	57	145
1464	1894	37	200
50	7	10	108
403	388	47	57
6	46	30	88
483	639	13	125
35	22	13	30
222	254	4	151
1703	1702	34	106
931	1303	101	80
12	11	23	59
797	24	25	51
269	824	5	98
821	42	0	341
1380	51	18	233
170	319	21	258
479	1348	21	87
259	171	4	156
128	129	0	40
139	48	43	287
63	179	0	239
1479	170	0	334
1505	170	25	338
874	35	13	43
104	86	7	91
157	246	0	144
432	86	0	208
0	67	7	291
737	1357	4	25
98	12	7	153
978	9	10	265
479	414	17	307
159	0	7	84
182	37	3	153
479	415	17	83
86	25	10	116
42	158	10	26
369	885	5	30
89	86	0	276
829	64	111	256
730	501	7	225
450	1085	2	205
120	1712	13	136
104	35	41	201
42	333	24	62
9	171	8	268
455	1635	4	333
1358	566	13	163
17	7	7	25
24	0	7	14
333	171	8	234
131	132	5	281
126	294	132	311
516	45	4	339
40	281	8	120
217	14	4	9
651	12	0	33
171	9	4	291
1194	169	13	248
489	51	18	64
1290	1291	4	131
22	86	20	17
169	168	0	340
383	384	21	48
364	367	7	40
133	1578	21	115
34	37	0	24
21	1742	134	32
11	563	5	332
882	883	42	86
607	608	0	193
86	77	57	168
85	731	10	3
782	51	7	48
85	161	2	355
148	262	0	7
871	563	0	164
740	21	0	288
105	35	24	57
701	335	3	337
908	881	0	102
1810	1811	23	50
986	85	0	187
1104	42	0	140
764	85	56	111
1589	1590	10	140
37	86	5	301
392	51	21	270
385	68	7	361
261	1073	37	275
310	827	4	108
152	172	4	199
772	773	93	235
9	254	11	155
1713	51	42	276
308	42	5	23
285	86	4	157
574	480	17	63
393	394	4	60
2020	149	21	165
1813	383	0	206
314	982	23	259
384	469	60	252
432	63	10	141
1178	1179	5	280
686	687	5	137
433	188	17	235
120	587	22	19
421	5	18	121
751	42	4	72
155	85	0	109
364	1247	0	162
470	347	61	253
638	168	80	31
861	862	0	13
182	457	4	153
86	42	24	282
9	183	13	250
1259	381	0	229
1126	1898	0	162
209	1982	7	175
169	947	17	277
526	369	13	205
133	48	21	248
1508	1509	4	256
101	296	4	84
120	40	4	67
430	42	24	169
2027	1603	13	74
0	24	5	164
231	526	11	13
851	42	4	163
171	333	0	176
887	888	10	160
42	1152	4	7
135	22	10	349
12	11	7	286
144	7	10	186
159	0	0	92
86	37	7	101
777	796	0	247
24	0	12	65
21	37	29	82
1034	1035	4	54
68	272	7	325
14	77	3	94
78	412	7	187
2005	2006	0	51
385	480	13	259
38	86	20	329
432	672	3	202
1773	190	4	97
477	50	0	27
205	206	3	120
244	740	21	290
51	1710	6	98
358	1574	42	88
1721	1722	0	359
22	7	10	79
701	818	11	122
7	14	2	22
135	40	4	28
314	982	7	36
1709	1688	42	192
42	85	22	62
69	46	20	52
71	12	0	17
120	42	5	212
69	9	10	61
459	77	59	107
6	21	18	355
911	42	0	264
9	101	4	100
24	0	7	267
7	86	3	280
217	1055	4	176
1627	1893	10	221
131	132	63	255
358	660	17	302
352	78	28	203
217	714	8	207
879	42	0	215
678	726	44	158
259	86	18	37
1881	6	4	72
77	37	22	287
191	192	18	114
109	0	7	97
135	1693	4	135
322	77	7	186
334	747	21	291
390	85	142	117
247	133	25	109
38	21	44	215
932	0	0	6
684	152	4	221
574	480	21	316
1695	727	22	37
37	86	20	41
358	24	42	197
735	1065	18	270
24	1631	18	49
24	109	6	219
1908	1944	0	147
718	1309	20	338
9	222	22	263
910	413	4	188
528	278	22	94
120	42	117	265
108	262	0	24
22	171	10	353
51	196	5	161
7	335	101	300
439	142	25	161
372	373	21	211
63	150	4	34
294	127	0	302
1451	1925	12	205
669	24	25	170
41	85	17	344
1207	255	0	199
374	375	0	131
283	135	3	168
48	133	25	161
283	86	67	25
152	67	4	60
77	42	13	22
737	498	10	49
104	844	10	222
42	102	11	195
85	101	11	179
599	35	4	41
171	120	11	326
288	1124	1	290
957	958	44	1
55	56	7	28
2048	936	3	175
496	384	104	279
77	42	4	209
24	776	2	102
86	37	7	295
1596	89	13	224
485	486	0	13
760	550	25	173
119	51	7	147
152	156	4	9
664	665	7	114
1202	1203	7	175
7	86	4	236
930	14	4	194
190	86	18	332
1237	656	0	172
24	0	7	304
1439	152	4	75
728	729	65	90
0	24	85	306
875	1051	56	61
98	188	12	277
68	46	11	70
101	102	4	1
498	973	10	218
495	51	7	144
120	7	4	284
265	587	5	45
204	152	4	52
154	78	6	15
475	236	82	273
14	569	4	218
1587	202	44	322
1133	51	29	207
68	144	17	299
39	42	13	189
490	469	0	51
80	21	5	170
87	18	4	45
1417	1418	13	255
42	190	21	123
384	1494	18	86
21	38	83	322
92	85	26	91
352	35	77	138
24	152	7	70
12	651	0	27
168	42	3	211
273	22	13	137
933	86	18	351
298	299	7	2
135	77	3	233
335	77	24	252
5	1401	13	137
155	7	8	161
38	21	0	247
120	428	0	82
773	772	1	91
392	51	7	108
946	488	3	255
441	133	0	254
8	7	4	4
77	86	29	336
304	1105	4	6
709	710	21	201
586	35	90	280
120	171	29	113
1968	229	0	3
14	930	4	194
1619	1699	0	41
794	795	1	9
586	352	98	331
900	901	29	188
1367	1145	2	288
190	14	11	324
875	261	25	235
679	188	17	337
487	21	3	210
654	225	7	196
21	38	3	235
170	35	20	305
408	6	64	20
1906	1907	4	307
444	445	25	148
1999	127	17	361
104	86	18	48
1828	41	21	197
314	1429	13	24
334	471	0	259
1465	1188	0	82
229	451	75	178
0	838	22	281
342	220	0	147
500	592	22	25
120	712	35	173
165	1804	12	24
335	1066	10	210
21	86	28	103
578	85	52	246
1744	480	21	172
171	9	13	208
7	86	13	108
166	378	7	305
392	51	21	245
259	86	24	290
24	0	12	238
139	997	0	7
144	627	4	345
581	582	13	5
1930	1753	4	3
2030	42	3	242
85	1238	27	67
142	168	44	309
38	259	10	144
1174	1175	65	133
1535	851	0	130
42	821	10	208
7	29	12	56
222	160	7	87
501	1322	0	73
142	1934	17	337
1045	1046	102	41
592	593	7	211
11	98	121	253
101	42	0	131
72	40	13	208
7	186	23	46
217	85	0	148
1026	1250	2	303
1317	87	66	362
120	42	18	93
548	85	0	172
24	1375	119	70
1800	6	18	36
135	86	7	226
171	170	2	336
1694	663	0	20
989	1777	0	235
1136	42	4	203
38	21	7	190
3	800	4	277
78	35	20	328
1512	1513	41	264
24	159	5	182
944	559	1	187
447	64	0	3
317	285	0	53
135	22	0	124
164	173	21	99
1092	77	24	241
762	185	9	218
42	37	24	111
7	63	8	87
1545	9	4	153
177	51	40	307
1745	499	0	131
42	6	11	174
610	281	0	154
563	1598	20	325
383	1987	41	307
674	1520	24	117
496	1691	5	79
212	163	10	347
171	144	28	69
37	135	10	236
1149	68	17	329
133	48	23	343
1594	1595	25	338
285	1365	20	90
2024	29	12	64
101	42	0	236
169	947	37	307
945	316	0	296
1191	1192	17	326
745	86	3	108
269	18	22	353
78	586	25	189
1126	820	0	166
217	1460	20	136
162	290	0	172
852	42	0	25
229	230	4	135
850	1069	10	313
170	86	24	354
774	775	0	270
846	42	2	339
40	77	13	221
1084	104	0	354
34	102	20	76
1256	1588	4	28
7	120	11	281
171	135	4	143
1014	401	21	113
165	1653	1	340
104	86	123	191
21	86	10	55
475	236	62	255
1279	719	13	22
458	50	112	151
169	168	21	340
969	69	3	50
1818	249	4	36
262	263	12	59
1090	2032	7	138
1007	85	40	216
1347	12	0	170
1221	78	29	357
1306	24	42	34
1814	965	4	313
38	21	0	184
304	86	0	45
360	101	8	152
119	51	13	66
1213	257	39	256
1252	1253	0	117
328	329	24	190
51	145	5	221
94	1630	0	67
1910	1911	21	339
33	1130	4	218
22	207	10	336
0	24	7	353
1623	1624	0	107
38	37	11	266
86	881	10	219
913	150	2	17
1919	37	7	209
37	86	20	110
1443	170	16	147
148	24	12	243
101	9	4	148
334	747	21	282
86	38	29	196
1481	1482	0	273
77	85	26	171
851	85	0	343
97	841	0	100
526	672	13	302
801	24	12	59
907	823	0	69
825	52	37	319
1317	451	7	253
51	1603	18	195
63	7	4	220
1675	290	0	155
334	50	0	191
63	217	0	249
169	42	54	226
38	86	0	45
190	222	0	324
171	9	4	339
145	51	5	143
893	0	7	87
347	11	21	170
578	85	25	286
225	527	66	276
748	142	25	279
855	856	0	81
186	170	3	143
24	0	7	38
1588	1824	3	143
159	24	18	174
29	510	11	192
1421	1434	0	54
42	1739	10	245
37	38	24	14
104	35	13	164
565	42	2	232
844	22	13	39
414	451	11	246
150	1771	4	251
24	214	18	76
51	28	7	268
283	186	10	88
285	420	21	110
35	78	21	252
764	64	25	152
144	86	24	41
452	595	0	32
651	1450	0	20
643	644	10	184
217	1558	4	101
990	24	7	38
21	38	49	215
97	98	0	13
182	37	3	54
1484	1485	0	172
48	133	28	69
11	563	18	171
24	148	5	57
611	1162	16	197
0	24	7	143
430	526	4	90
0	263	0	166
86	440	0	240
42	85	20	215
311	50	17	122
159	0	18	268
101	1692	3	149
579	202	0	2
18	86	4	288
1555	152	0	92
225	114	30	126
190	550	81	268
7	29	2	15
1819	1820	0	318
1636	221	17	2
565	9	11	308
87	42	3	309
133	48	21	136
526	372	3	288
162	497	8	305
478	104	2	251
50	189	50	216
392	51	21	179
408	2013	13	21
57	58	16	29
133	48	7	21
86	64	24	135
432	283	13	27
873	141	83	333
9	212	13	238
195	98	10	44
773	708	7	25
144	551	10	169
694	695	4	28
424	40	7	189
408	409	0	224
358	24	42	210
602	1063	2	188
24	277	6	182
86	404	18	7
213	919	5	48
334	86	54	81
2007	30	5	64
48	133	25	21
1449	384	13	216
190	9	4	47
1374	51	77	326
635	88	13	329
24	0	7	187
1182	811	109	356
1201	430	3	203
362	363	0	206
314	132	63	229
286	0	0	171
59	24	7	257
731	86	13	305
1064	86	13	91
38	740	21	290
50	1954	4	115
285	1150	2	178
635	42	2	254
9	10	0	330
1258	1841	0	107
0	24	44	156
7	708	0	134
48	133	28	68
701	117	13	287
37	371	21	176
553	552	11	132
7	63	4	81
78	35	90	215
486	602	0	146
378	24	2	285
51	32	5	351
936	220	4	167
405	42	24	189
1388	1389	18	27
85	390	17	284
101	745	11	38
688	401	85	8
45	68	0	322
2014	302	4	190
86	42	24	122
22	35	29	58
1067	631	38	94
334	189	0	7
51	1206	5	107
135	22	20	158
1204	451	11	184
1755	344	25	352
59	0	0	30
86	170	20	192
102	751	3	135
1838	285	0	108
40	385	13	275
426	1326	23	266
364	42	3	145
269	18	29	236
702	150	0	140
1239	381	18	37
85	174	2	7
318	86	40	93
714	715	4	89
609	165	18	12
1609	1904	18	283
1375	24	27	58
434	352	0	111
7	526	2	343
392	51	19	96
7	372	3	103
6	239	18	139
144	1314	0	107
514	515	68	47
800	150	4	171
38	86	0	298
112	113	2	62
362	42	0	347
21	38	18	281
944	559	1	177
773	7	7	339
269	18	29	38
378	0	5	23
133	48	23	201
364	101	4	348
319	170	5	329
24	893	7	148
1382	104	0	360
333	171	10	70
37	21	18	18
398	1342	7	138
211	1151	2	262
14	217	29	94
358	277	37	186
217	77	0	163
11	847	80	28
816	86	13	102
193	37	0	1
1832	631	7	202
997	48	12	281
190	551	0	93
339	1530	6	352
1078	42	16	290
98	563	0	40
518	24	44	177
136	50	0	117
11	563	5	163
982	314	7	196
392	51	127	18
697	698	4	56
436	85	0	102
1029	384	12	34
1309	42	22	358
144	269	4	134
763	536	25	61
87	451	0	160
139	779	0	53
1640	1145	0	99
23	24	65	42
270	271	0	159
407	78	25	101
624	1349	44	312
85	1040	0	322
40	42	0	289
120	6	18	60
335	77	4	105
701	117	13	307
190	68	5	252
50	212	10	107
1100	1101	25	164
60	1419	5	84
42	751	24	316
1955	1956	0	285
1216	1617	0	172
2017	40	0	28
24	0	7	112
278	271	0	42
2029	24	34	153
150	232	13	37
1463	862	0	308
1329	1330	21	146
42	1318	10	242
144	269	10	54
24	660	7	340
21	37	11	236
79	170	3	42
86	171	4	143
21	410	55	228
863	379	0	64
133	48	12	185
685	559	25	287
133	48	27	73
215	216	38	127
34	811	13	263
358	24	42	343
816	104	11	161
181	575	20	124
526	672	2	302
197	1096	4	26
9	360	13	270
86	170	7	278
436	1502	125	8
68	1275	21	168
203	24	21	126
692	693	0	208
651	1042	12	180
468	6	13	214
133	247	17	226
190	21	3	52
424	42	0	148
1585	919	0	283
98	69	13	296
38	1143	10	315
101	102	57	73
1704	315	0	96
176	177	21	286
132	1706	10	168
392	810	4	351
51	960	114	122
227	51	21	217
217	7	4	97
37	38	4	125
5	86	13	306
100	338	43	59
459	132	59	10
322	85	59	197
933	86	13	44
6	188	18	264
806	358	6	109
98	217	4	157
225	114	1	92
42	1223	10	21
42	144	4	54
1244	358	56	291
85	155	2	172
434	599	3	228
838	0	5	52
2026	1069	0	239
86	1372	24	256
1899	970	10	15
18	144	3	326
171	835	0	122
212	165	65	231
176	177	21	100
164	319	21	263
589	260	25	332
152	1945	4	67
217	1092	0	180
36	37	0	19
86	104	7	244
132	308	45	108
936	171	10	57
569	38	0	284
283	135	11	100
172	152	4	199
1458	1459	17	346
1098	371	23	33
163	1180	76	319
298	848	10	215
21	38	19	252
98	11	28	20
1066	1712	2	253
298	1181	17	318
392	51	28	289
217	64	3	39
931	1289	19	12
135	134	13	193
0	24	5	156
418	419	0	63
51	28	108	329
1604	384	17	50
9	171	29	214
241	46	19	320
1309	1474	18	77
151	1501	7	188
101	476	44	256
1122	272	0	331
38	165	21	111
1264	37	12	107
11	1488	1	83
368	746	16	224
836	144	18	256
657	658	15	97
38	165	37	128
135	600	3	255
171	42	7	125
150	73	5	243
1219	103	0	291
804	1214	4	157
498	714	4	319
29	144	87	354
2036	2037	22	250
132	168	4	129
502	86	7	40
434	154	0	97
905	101	13	279
414	377	25	192
1137	1138	2	151
133	48	21	152
866	86	0	37
188	272	17	160
42	1057	10	102
711	35	0	311
364	292	0	340
773	1825	28	195
0	24	7	295
131	979	38	188
208	5	10	77
379	253	5	64
1648	886	37	53
623	624	54	107
773	1126	13	60
323	30	18	39
127	126	29	150
396	51	17	87
109	24	6	218
42	170	24	97
7	22	3	290
367	85	11	288
1232	1962	0	104
637	78	6	212
448	492	8	263
184	0	0	1
135	86	0	163
540	541	2	161
135	1127	4	131
220	7	20	91
892	293	0	156
180	9	13	16
502	86	0	40
367	85	0	215
961	962	12	297
441	133	0	151
347	1253	5	81
159	0	0	213
272	77	24	26
101	42	0	91
334	50	0	80
51	33	18	78
32	766	4	166
190	243	4	359
1	1436	19	125
298	1593	10	247
648	649	10	302
9	1748	13	29
42	526	10	332
77	6	7	72
37	21	29	162
675	392	0	80
40	333	3	55
631	122	1	222
229	451	0	362
586	352	1	232
749	68	4	20
677	1715	2	4
127	126	5	272
364	155	20	80
1871	1872	7	85
487	246	0	312
222	29	57	337
97	563	20	182
379	459	5	64
101	42	0	179
780	51	13	85
164	288	21	221
408	497	4	266
270	328	0	132
87	1381	0	3
50	42	2	1
85	1737	10	83
217	783	4	118
1229	135	2	229
158	42	4	323
1141	78	7	190
1108	136	0	21
691	1461	7	6
264	24	42	300
171	42	0	324
434	154	0	237
360	361	10	6
21	141	2	131
24	958	7	240
101	42	0	318
86	298	20	79
127	7	7	360
1447	24	5	24
439	85	56	97
1491	1492	82	166
807	808	92	329
730	12	12	94
1023	1402	17	344
599	319	20	84
1475	1094	23	23
591	1733	19	89
415	48	42	54
385	862	0	24
38	37	4	148
12	11	92	334
632	1184	4	79
2001	2002	4	253
211	210	10	51
1189	1251	21	227
5	1224	13	15
27	51	12	171
526	405	7	177
51	659	81	53
1049	1050	25	101
674	304	10	149
42	85	24	170
7	63	29	105
283	652	10	6
1877	48	6	276
18	182	4	289
86	1455	10	265
139	48	19	77
392	51	29	47
586	35	7	242
37	135	19	237
1421	1456	0	215
1760	1761	2	232
261	875	25	91
1015	1016	4	71
1946	1526	4	294
870	608	17	44
169	331	21	62
86	1094	10	35
217	208	13	302
406	383	0	222
416	313	17	177
202	1383	0	180
86	42	2	6
583	584	75	266
285	86	4	182
72	2	18	309
1303	24	17	295
190	9	3	209
594	21	0	295
834	144	17	255
24	263	7	16
392	51	7	139
272	86	29	59
33	51	16	350
66	7	4	34
757	86	0	72
447	64	0	226
296	120	4	153
935	51	42	253
122	631	38	223
42	442	13	330
1371	352	0	63
86	37	7	291
700	1688	0	217
1001	381	7	103
715	714	4	89
383	285	111	343
22	7	10	282
103	77	3	56
37	50	26	245
1781	1782	4	152
48	133	118	1
150	3	35	233
1700	1701	12	228
318	319	23	337
72	243	13	94
133	48	17	96
139	48	44	280
1161	0	0	73
387	240	18	177
86	170	10	175
526	42	13	207
361	171	4	19
85	42	20	41
86	183	24	288
11	563	12	215
288	839	34	0
37	86	4	263
157	85	23	235
162	208	3	361
165	21	56	304
1011	1208	19	148
42	77	11	43
992	442	33	48
18	7	2	45
499	672	59	25
482	42	2	209
21	37	7	329
652	608	80	156
85	13	10	83
171	120	11	62
190	410	7	176
919	331	17	336
1297	10	0	256
1421	1422	21	7
360	591	13	85
232	463	18	197
135	7	22	282
1153	126	0	197
86	48	93	256
85	646	0	282
819	820	22	113
1069	1070	20	5
1401	1225	19	340
34	171	29	274
144	29	22	141
12	11	7	151
455	456	29	236
595	451	34	73
1821	1822	0	12
120	37	10	37
120	40	4	278
133	48	5	58
599	79	10	288
135	86	3	77
751	752	40	64
319	170	7	203
7	120	8	1
349	749	4	152
37	86	20	85
7	38	2	213
311	50	0	348
1598	12	4	153
1258	385	0	318
9	42	2	178
183	290	18	179
159	24	12	199
7	509	0	345
86	1193	21	58
38	86	11	73
135	86	12	239
132	68	75	110
35	86	29	328
1346	127	25	36
688	1014	0	76
1554	24	42	182
190	556	18	23
1662	735	13	239
616	617	10	283
316	1059	7	228
35	165	21	223
109	0	12	251
104	737	20	111
171	1428	13	245
309	364	2	183
2018	2019	0	33
194	1068	7	97
12	11	21	306
701	298	13	12
171	29	13	91
353	1852	2	23
318	1505	21	29
1454	48	13	298
171	279	13	165
872	599	0	4
120	1313	10	37
1524	69	2	14
50	2000	4	339
334	50	0	244
1618	836	0	333
159	0	7	30
438	181	0	45
86	38	13	13
38	86	22	192
86	22	20	293
27	464	0	106
24	378	18	171
820	909	21	92
195	86	24	249
589	300	25	263
1846	1847	5	183
22	1057	10	167
159	0	44	262
642	718	18	113
145	51	117	290
1236	142	5	209
86	7	20	89
169	331	21	110
1102	1103	53	137
1738	613	0	117
1393	1394	7	269
21	38	18	239
227	51	37	268
85	92	0	234
432	757	12	284
7	63	0	177
360	9	4	83
460	723	1	43
86	37	18	50
42	764	5	253
828	42	29	136
1863	352	12	46
959	1316	2	228
161	85	113	305
169	120	10	96
104	35	29	41
1493	0	7	25
1244	24	25	94
353	354	0	157
740	38	138	96
1368	24	2	301
347	793	21	329
1408	1078	0	356
37	86	29	62
407	352	52	60
542	77	0	281
314	132	63	108
642	718	12	168
187	188	17	111
133	48	21	328
104	35	2	262
1292	364	18	69
520	521	0	212
133	247	13	290
51	464	7	107
120	7	11	269
283	1092	67	172
21	37	7	74
813	464	21	243
777	11	7	185
1236	142	25	75
1307	1308	2	172
147	0	7	45
569	37	7	279
1377	1378	2	54
14	457	0	233
85	42	4	245
35	78	6	237
941	141	13	49
281	42	0	181
50	35	44	305
752	1557	25	37
14	171	3	200
1102	1172	2	77
511	512	18	224
1437	285	3	331
333	40	10	70
24	159	7	180
102	171	4	155
85	1238	0	135
38	37	123	43
773	880	16	308
40	21	7	38
77	42	20	176
40	1443	10	67
135	171	3	28
1486	38	98	219
1314	269	84	203
441	133	0	237
7	579	7	287
1948	1400	18	207
635	46	3	329
174	85	0	309
217	358	18	225
21	22	3	11
1390	1391	4	284
24	0	7	85
587	202	0	221
339	51	5	34
24	958	7	87
179	42	16	102
114	225	38	132
1891	86	25	52
627	1516	3	309
401	1014	114	257
206	625	10	49
1370	42	41	22
1572	27	126	109
1314	144	25	8
651	730	7	141
504	42	13	162
183	135	10	235
93	94	12	49
1712	120	29	61
27	339	13	111
451	452	2	7
77	64	4	5
226	565	4	41
135	605	3	235
181	18	0	318
41	1340	2	226
14	1816	0	37
603	499	0	267
884	14	4	19
21	38	37	141
50	224	39	131
171	385	2	97
651	777	18	272
165	38	13	302
34	37	0	35
1555	152	7	92
42	99	10	53
549	550	25	182
1885	1886	0	255
101	42	3	215
499	500	11	212
111	170	0	154
983	48	34	194
609	1486	0	294
11	563	7	49
318	319	21	91
118	42	2	255
746	37	13	102
163	883	0	108
773	1971	25	162
208	77	24	188
7	120	10	346
101	171	4	301
50	333	3	279
654	163	4	105
9	1057	4	133
82	1806	118	77
86	183	13	37
171	120	4	41
1280	314	3	25
399	400	0	67
378	24	2	356
677	502	4	117
212	333	13	35
160	161	7	118
40	120	4	67
197	1991	18	241
77	86	11	316
1888	24	25	271
1079	259	13	249
7	269	4	67
83	1915	44	75
120	42	0	77
546	7	4	28
86	37	7	92
51	196	15	119
38	86	11	259
144	255	22	207
33	51	91	6
86	104	29	115
22	35	24	171
379	77	5	358
1506	471	19	268
1758	1759	0	57
559	944	38	259
46	1211	10	59
349	171	4	338
673	674	83	22
6	1099	4	268
1842	464	18	322
273	77	13	234
1610	1611	28	336
1619	1016	2	136
1698	144	90	324
170	1571	10	244
587	1654	0	53
170	35	34	194
383	420	23	153
40	86	7	285
38	86	4	73
171	48	2	326
292	85	4	174
1018	1019	0	266
1692	281	4	22
86	190	10	292
162	886	29	31
471	721	87	24
1937	443	4	144
40	9	13	262
98	24	7	117
51	227	37	354
104	86	3	146
11	12	25	189
465	42	0	311
38	86	13	13
42	298	20	311
1125	550	81	268
135	608	0	168
144	18	10	82
671	499	28	292
931	932	0	173
176	177	17	50
436	86	7	300
1362	1363	4	211
479	414	17	244
498	77	13	287
686	298	7	33
86	37	7	279
306	307	18	181
851	42	0	97
12	563	5	92
51	916	51	202
217	1747	3	118
63	217	4	361
1208	1354	7	136
461	735	0	45
14	1922	0	303
69	1011	29	101
334	50	0	81
1293	1294	22	337
1412	383	7	167
908	170	20	318
86	37	7	47
60	69	2	50
606	12	25	270
109	1631	8	115
972	131	0	212
1896	7	18	170
12	563	7	266
141	941	2	273
18	269	24	163
73	150	18	299
701	37	2	160
171	22	13	48
21	38	29	4
875	261	25	32
134	135	10	74
133	48	7	106
927	928	4	267
9	171	8	100
1026	42	3	285
472	473	18	122
1090	1091	66	222
266	102	22	118
1481	30	21	36
275	372	0	70
163	1248	0	353
1002	168	0	334
563	373	5	46
172	719	0	109
7	750	48	51
647	381	7	236
35	78	18	97
1453	171	11	177
899	384	12	345
706	595	3	300
334	50	0	262
1413	701	4	64
1285	1286	7	277
42	126	2	223
143	144	28	80
217	77	0	129
24	152	8	28
37	21	11	158
87	42	13	224
42	77	4	336
265	1654	0	125
51	196	7	47
135	283	3	100
1686	384	84	326
50	7	2	179
534	24	5	235
220	221	0	239
1127	120	5	180
385	480	13	332
1254	1255	0	27
40	101	13	145
18	787	4	41
42	335	10	149
1542	90	5	31
1058	487	0	239
133	634	0	34
526	77	7	341
314	42	22	24
38	86	29	205
29	783	0	72
195	431	10	19
217	1092	2	199
42	202	10	175
385	386	5	213
181	86	3	88
40	269	2	170
159	24	34	218
401	969	7	356
631	122	66	223
77	580	2	51
72	202	3	242
168	169	17	96
45	1013	4	185
171	1055	4	140
1400	851	4	249
86	104	5	325
109	24	7	16
1134	85	0	278
1063	0	0	79
881	934	0	192
634	48	28	316
135	86	0	247
171	77	13	79
434	35	4	146
1063	24	21	307
166	24	7	133
1164	1165	65	309
7	626	0	122
654	225	4	173
77	298	24	297
86	170	7	97
614	615	0	249
27	32	4	107
104	798	10	296
777	1432	7	27
390	174	21	303
1241	77	5	131
101	102	11	325
229	87	60	146
1323	182	29	34
102	101	13	3
352	1376	21	219
410	411	25	161
190	548	0	125
135	706	0	48
1277	1057	0	259
133	247	23	326
38	121	10	185
1638	707	2	354
466	37	3	185
155	174	2	133
9	171	4	152
1887	42	3	292
139	247	19	308
1170	281	29	50
187	679	0	280
1403	86	13	209
1798	86	3	130
9	639	4	268
104	247	21	289
171	9	4	347
426	609	7	12
288	786	12	126
349	1000	11	328
156	0	32	72
220	936	22	52
222	223	18	122
222	77	2	14
255	86	0	42
309	131	0	61
428	120	2	144
1442	155	0	200
220	1327	21	238
436	757	7	170
710	709	118	191
182	85	10	245
825	144	25	93
108	24	5	306
1666	864	29	267
338	119	18	185
69	1844	4	176
233	234	4	136
390	85	25	213
85	42	24	130
1728	170	0	234
490	579	5	322
80	21	5	185
490	384	12	148
175	10	0	100
757	1086	93	69
133	634	37	140
345	346	42	102
86	37	10	135
426	165	21	252
67	351	0	180
783	271	5	251
865	1805	0	189
1952	228	25	210
11	1025	13	296
7	650	11	130
104	86	18	83
142	748	21	34
794	795	1	210
415	144	84	359
42	608	4	300
7	50	3	179
37	38	11	94
51	1069	1	324
316	1183	21	106
7	29	20	80
891	1024	0	295
1712	120	4	136
182	29	13	205
335	86	20	195
85	155	12	172
51	27	18	42
156	24	18	45
944	559	1	323
24	159	20	1
959	0	0	228
563	11	7	5
1483	1458	1	132
1969	1970	44	186
314	7	4	38
712	405	18	48
1914	624	12	44
37	86	24	136
1115	254	4	318
501	1135	3	221
1931	150	19	107
1784	15	7	189
1895	51	42	100
340	341	21	80
202	201	10	22
1723	37	3	179
123	124	12	69
7	333	112	235
100	51	7	334
89	135	0	77
271	1884	17	337
9	171	11	219
302	303	7	175
1874	794	17	293
255	21	5	257
1064	746	4	322
584	583	18	175
335	283	67	321
1559	1560	22	279
85	217	10	148
59	0	2	191
109	24	7	7
253	879	4	11
73	77	0	332
182	85	13	245
1404	354	0	296
712	1388	4	254
351	24	17	253
176	177	21	101
893	24	17	59
0	24	27	83
490	384	7	295
1487	1112	4	53
889	714	8	213
24	840	25	62
952	98	5	239
145	51	7	119
51	1471	1	48
147	148	0	81
451	723	11	348
503	42	3	150
227	1687	37	109
1621	42	0	333
1252	64	13	286
217	63	13	281
171	385	11	128
42	101	57	128
634	48	15	297
21	86	44	304
1937	443	10	155
502	37	34	332
14	198	28	117
9	40	8	327
24	0	7	340
537	35	0	105
780	51	16	209
68	556	0	64
308	132	4	233
427	170	41	245
86	208	23	174
639	640	4	27
51	227	25	25
356	522	25	256
38	37	18	193
1495	1458	25	82
763	1310	66	122
364	1087	0	266
269	18	5	93
38	86	18	123
133	48	7	238
1786	6	0	63
133	48	23	128
97	98	16	52
171	144	13	240
283	335	67	321
320	321	47	154
531	143	0	183
358	24	17	175
42	101	10	347
635	69	0	75
46	68	24	131
1569	51	37	240
795	89	10	101
11	12	7	219
7	86	13	140
88	69	3	192
111	86	0	154
1774	272	0	248
114	225	38	212
495	27	1	172
49	50	7	19
72	73	5	37
77	135	10	147
1093	709	25	288
759	104	0	117
383	420	37	15
289	714	8	159
1066	120	0	252
132	419	10	43
194	195	0	60
334	721	0	37
783	242	110	201
641	968	100	64
661	29	10	73
252	253	0	150
414	451	11	137
592	1271	108	90
168	120	22	153
86	618	17	39
195	395	10	118
479	144	79	150
1540	701	8	228
24	262	7	58
821	42	0	193
21	141	10	84
63	217	13	238
810	392	9	55
217	85	55	163
852	85	2	340
266	783	0	191
1320	24	34	89
42	85	22	51
488	60	10	334
1080	24	5	69
3	232	114	86
1826	30	17	105
661	29	10	305
426	1416	54	236
369	370	0	210
161	7	2	148
86	18	10	210
585	24	34	102
384	1848	16	268
135	27	4	295
1440	250	10	82
12	11	17	166
408	242	2	185
237	86	101	27
451	293	7	74
179	261	20	169
64	38	4	126
869	37	44	319
9	171	8	60
358	24	52	81
104	1497	27	64
1707	1400	0	236
85	171	4	43
1273	656	0	30
183	904	10	59
1377	1378	2	248
9	171	8	291
148	24	19	211
64	217	10	171
37	7	0	334
73	430	13	153
120	63	13	327
259	86	22	56
37	117	10	281
709	710	13	226
1998	86	17	13
333	142	42	80
645	967	4	326
11	12	25	322
756	448	11	65
1345	11	7	140
479	1943	21	351
709	1093	21	76
302	195	0	7
611	68	90	262
217	85	0	312
37	86	13	246
190	77	13	246
286	24	82	33
137	138	4	76
133	48	40	325
633	260	25	42
334	747	21	45
559	944	37	126
126	2003	17	55
2044	2045	0	219
1314	144	52	67
420	1961	12	17
708	773	29	75
21	37	11	285
347	135	0	213
104	130	7	71
51	339	7	283
1276	78	110	188
875	633	2	140
1232	1955	0	100
1995	1996	17	91
586	35	83	343
969	970	0	293
835	1549	4	196
50	471	17	29
424	42	0	221
385	559	0	276
309	310	29	182
0	358	22	45
42	86	20	238
240	68	13	205
911	290	4	36
11	796	18	13
264	24	25	35
1964	181	0	121
829	953	21	354
946	862	7	296
135	484	13	233
135	86	0	15
1246	164	1	15
132	384	21	193
1241	1897	18	28
1111	42	3	36
586	79	0	265
11	12	51	180
102	42	3	297
51	422	48	189
77	86	3	87
218	271	18	362
1209	861	2	186
347	830	0	335
40	847	4	170
334	50	0	194
6	144	0	229
1601	358	0	13
383	687	9	197
46	9	13	122
109	128	7	354
77	852	13	324
364	701	8	70
334	136	21	334
7	2022	80	232
588	120	29	79
1301	1729	0	118
18	1081	4	138
1568	43	7	291
483	42	13	31
1368	24	7	13
483	40	18	287
1296	319	7	244
251	101	11	149
579	686	21	75
169	168	21	166
1106	477	0	167
753	563	7	59
9	40	57	150
60	643	0	252
835	30	7	101
12	11	21	339
67	0	0	247
171	21	0	214
248	196	17	146
11	185	35	106
24	486	82	295
51	464	7	64
432	484	13	233
414	1295	42	364
136	471	0	148
751	171	10	290
314	190	10	280
891	767	7	329
358	660	27	336
772	1986	21	90
850	1135	7	136
37	21	12	38
1865	1866	23	361
99	42	3	53
240	68	25	251
1022	1023	25	344
64	1188	0	89
829	830	0	299
283	850	67	16
37	38	13	267
334	48	21	263
33	51	18	171
356	205	7	314
104	757	5	172
37	523	20	13
531	149	0	166
50	104	10	51
258	3	118	334
38	42	13	16
1808	1174	0	167
7	1313	13	17
257	258	21	154
270	999	8	209
30	835	5	101
1836	1837	0	260
12	658	17	29
171	9	29	291
50	86	12	195
1365	1150	0	317
23	24	7	12
86	77	4	236
171	46	3	249
360	243	13	104
392	51	21	357
38	37	24	235
1994	105	11	56
1740	1741	7	348
101	102	4	187
364	9	10	105
254	37	2	106
1392	710	7	72
1916	969	0	353
548	488	0	0
101	700	4	132
86	42	22	237
101	85	13	53
736	63	4	288
407	1489	25	118
597	556	0	259
891	1024	2	52
135	273	13	54
9	171	57	287
1586	63	6	5
1599	623	7	157
212	38	3	156
1472	936	0	30
24	378	19	296
1334	1335	18	198
150	62	10	224
9	45	13	109
1739	42	2	144
1979	1980	16	177
184	1	0	267
79	1028	44	184
14	212	13	25
159	24	6	3
1147	1148	13	262
5	354	18	268
135	86	16	32
390	85	25	74
448	171	57	105
1094	190	4	201
1240	718	7	342
2021	51	7	302
352	35	17	303
51	196	120	38
1083	701	4	302
760	550	25	300
510	29	11	192
171	333	13	172
51	636	18	69
461	22	50	251
135	86	0	18
828	132	0	45
576	577	4	209
919	767	17	219
9	171	29	191
272	9	4	98
1	1436	19	27
7	217	0	163
6	42	11	77
383	420	23	229
24	598	7	186
171	38	13	52
1397	298	0	339
702	150	5	359
475	586	0	59
878	595	4	168
168	132	3	96
630	840	27	253
260	332	17	47
530	384	70	277
281	672	0	136
27	547	72	193
162	163	4	94
35	22	7	279
127	126	25	223
162	388	0	156
442	42	20	92
21	37	4	265
51	196	43	195
1331	281	4	218
293	229	0	146
222	290	7	103
139	48	43	223
135	86	13	347
654	783	7	242
51	27	18	229
240	46	22	309
853	854	0	182
730	185	24	346
42	543	10	341
489	51	48	173
169	1128	21	136
135	7	4	253
171	86	0	1
1967	86	1	259
11	12	5	6
914	915	27	131
72	150	4	302
60	77	3	30
1541	50	0	122
51	177	7	353
85	155	11	330
171	6	0	353
128	534	89	256
1414	740	0	128
365	366	7	207
21	1178	21	203
994	1441	7	285
1223	442	9	240
24	263	18	201
876	42	18	138
1094	1095	4	292
24	262	139	202
1094	1146	2	326
148	24	43	9
358	24	17	226
450	42	23	246
42	285	20	197
434	37	34	102
85	1652	26	74
720	23	4	32
37	101	10	281
438	144	3	10
605	135	10	193
599	35	29	288
77	832	21	11
126	127	5	16
1752	1397	4	192
157	451	7	363
269	18	4	185
1434	1327	21	50
1380	100	4	150
942	943	93	43
120	42	0	24
597	556	0	292
7	86	5	18
334	747	21	126
361	222	4	225
784	785	13	4
181	1314	0	185
1204	144	17	293
1181	1309	10	187
701	364	8	36
966	459	0	281
133	48	21	9
424	42	0	318
50	453	18	12
14	217	13	94
1760	1761	2	61
15	16	6	8
86	259	24	135
335	29	7	248
314	101	10	151
798	281	13	127
42	202	4	121
148	262	0	41
211	142	20	13
688	401	21	259
261	668	1	170
1729	78	16	269
1189	535	17	307
98	69	3	108
937	938	57	242
229	1317	0	279
135	86	7	75
85	423	55	45
229	230	18	92
171	9	0	194
341	340	12	353
586	35	66	40
24	893	25	263
101	41	3	44
24	128	20	115
10	1477	0	345
689	690	17	87
104	324	11	188
73	1431	0	249
55	1436	20	32
1300	1301	18	255
21	38	16	121
314	155	10	201
1232	472	22	245
1585	919	0	335
259	85	44	170
120	168	0	1
609	38	23	35
628	97	4	105
101	734	13	25
38	21	7	140
0	24	28	47
24	1523	7	114
86	618	43	201
735	37	7	344
107	86	12	280
1317	723	1	294
38	285	22	346
9	171	4	117
85	390	0	324
779	291	19	38
287	51	19	117
157	85	48	219
48	676	33	72
155	364	4	161
1249	1164	4	331
288	289	29	32
1553	38	13	191
155	85	3	257
1082	273	2	155
24	0	7	259
352	1376	0	354
935	51	25	20
225	114	66	7
1469	383	0	243
891	1062	2	316
101	102	13	102
410	411	5	291
1056	408	13	207
101	171	57	253
86	631	2	152
1483	1458	66	195
12	11	37	301
37	539	10	175
154	407	11	69
7	1313	4	347
347	1727	0	111
1718	411	0	142
278	488	0	164
163	171	4	226
784	443	11	259
416	417	21	227
1364	356	24	279
1637	42	0	308
401	1903	28	336
333	190	10	148
1047	1339	51	189
990	888	11	154
285	420	21	14
1180	163	2	18
77	1223	10	44
434	532	0	43
78	207	2	121
587	1129	0	97
1749	1750	7	343
142	1580	5	290
18	144	0	291
232	960	114	310
935	51	25	337
195	1025	10	226
135	498	7	25
1265	1266	0	114
51	1231	51	260
86	38	22	192
21	37	49	205
225	114	66	52
1321	486	0	87
448	40	57	244
24	67	7	202
1426	86	3	19
64	335	59	177
12	11	21	141
655	104	3	94
594	86	0	151
30	40	5	108
190	795	18	109
414	479	25	57
35	537	43	279
627	464	0	250
104	86	22	278
851	86	3	343
154	352	0	349
848	967	57	143
197	51	19	39
636	338	4	298
505	506	35	16
1547	298	10	11
1512	1513	13	202
281	186	4	277
907	823	27	98
968	1520	0	116
551	144	3	169
104	86	0	146
9	141	11	168
1110	1111	4	138
707	708	2	120
298	77	24	35
472	647	18	90
471	50	25	29
78	35	98	189
413	285	3	123
275	276	7	88
1462	366	21	240
0	358	11	140
1856	1857	64	63
1468	1103	19	63
73	72	0	269
1317	270	45	73
514	114	4	272
1025	69	0	173
145	51	7	172
63	135	4	54
0	24	7	319
1171	169	118	314
22	259	10	268
1314	1797	84	300
164	173	21	145
919	1171	37	291
730	373	0	116
0	534	29	111
35	319	21	76
913	1827	29	180
504	42	3	182
669	24	56	307
64	7	4	242
160	85	13	193
24	0	12	241
101	85	3	44
379	380	4	213
899	384	19	4
197	1096	4	41
811	37	3	230
274	7	13	162
171	9	0	152
148	0	12	157
969	401	18	231
647	381	5	219
1312	1614	0	19
352	35	59	51
1656	751	2	310
783	63	4	361
240	1211	4	76
